   0.000000000000000       152.777499136102847
   1.000000000000000       152.777502545479422
   2.000000000000000       152.777497865079596
   3.000000000000000       152.777507535121600
   4.000000000000000       152.777516304430009
   5.000000000000000       152.777544670939591
   6.000000000000000       152.777571085392111
   7.000000000000000       152.777609912568408
   8.000000000000000       152.777667185222242
   9.000000000000000       152.777735914324438
  10.000000000000000       152.777815510845045
  11.000000000000000       152.777913788127819
  12.000000000000000       152.778029012350686
  13.000000000000000       152.778145536124555
  14.000000000000000       152.778285015707297
  15.000000000000000       152.778425969644246
  16.000000000000000       152.778576698357995
  17.000000000000000       152.778734711705226
  18.000000000000000       152.778891473674435
  19.000000000000000       152.779040263298754
  20.000000000000000       152.779193962187179
  21.000000000000000       152.779326412641893
  22.000000000000000       152.779444409637108
  23.000000000000000       152.779546679486344
  24.000000000000000       152.779610250557965
  25.000000000000000       152.779629199468332
  26.000000000000000       152.779608890278809
  27.000000000000000       152.779535764817268
  28.000000000000000       152.779396142870468
  29.000000000000000       152.779172742935430
  30.000000000000000       152.778871522123040
  31.000000000000000       152.778481148507950
  32.000000000000000       152.777973038559111
  33.000000000000000       152.777358932379769
  34.000000000000000       152.776612358825673
  35.000000000000000       152.775723085279111
  36.000000000000000       152.774692824698491
  37.000000000000000       152.773497933768908
  38.000000000000000       152.772130920752261
  39.000000000000000       152.770585192468587
  40.000000000000000       152.768839715742786
  41.000000000000000       152.766891057615027
  42.000000000000000       152.764741778145805
  43.000000000000000       152.762353655133126
  44.000000000000000       152.759739196696444
  45.000000000000000       152.756881288484720
  46.000000000000000       152.753780739116877
  47.000000000000000       152.750416315715881
  48.000000000000000       152.746777367078181
  49.000000000000000       152.742883791135057
  50.000000000000000       152.738690028442278
  51.000000000000000       152.734219804213382
  52.000000000000000       152.729450487586718
  53.000000000000000       152.724388499111569
  54.000000000000000       152.719006277555167
  55.000000000000000       152.713338849476884
  56.000000000000000       152.707338019641753
  57.000000000000000       152.701019749419828
  58.000000000000000       152.694383244902212
  59.000000000000000       152.687412080881728
  60.000000000000000       152.680127087345568
  61.000000000000000       152.672499555748999
  62.000000000000000       152.664530652855461
  63.000000000000000       152.656237905899957
  64.000000000000000       152.647610089396807
  65.000000000000000       152.638636091228165
  66.000000000000000       152.629328921184680
  67.000000000000000       152.619676914747430
  68.000000000000000       152.609680589320732
  69.000000000000000       152.599353317526294
  70.000000000000000       152.588680043554888
  71.000000000000000       152.577674346397345
  72.000000000000000       152.566321126143833
  73.000000000000000       152.554643606057112
  74.000000000000000       152.542607276590360
  75.000000000000000       152.530249278427220
  76.000000000000000       152.517567802250056
  77.000000000000000       152.504537585374493
  78.000000000000000       152.491180528331711
  79.000000000000000       152.477505329420978
  80.000000000000000       152.463496293479693
  81.000000000000000       152.449167280661072
  82.000000000000000       152.434522446095059
  83.000000000000000       152.419552233902891
  84.000000000000000       152.404268903045988
  85.000000000000000       152.388679729322519
  86.000000000000000       152.372770782630568
  87.000000000000000       152.356566210494805
  88.000000000000000       152.340052346729664
  89.000000000000000       152.323244281182610
  90.000000000000000       152.306129294923693
  91.000000000000000       152.288732454485739
  92.000000000000000       152.271056439604507
  93.000000000000000       152.253068023235215
  94.000000000000000       152.234812396622942
  95.000000000000000       152.216270106962469
  96.000000000000000       152.197460532771885
  97.000000000000000       152.178380005836146
  98.000000000000000       152.159026271610060
  99.000000000000000       152.139411490704077
 100.000000000000000       152.119520507820653
 101.000000000000000       152.099388685134926
 102.000000000000000       152.078999653765322
 103.000000000000000       152.058351523366696
 104.000000000000000       152.037465444889847
 105.000000000000000       152.016344283114307
 106.000000000000000       151.994975525198214
 107.000000000000000       151.973369808644208
 108.000000000000000       151.951532305178034
 109.000000000000000       151.929475349918107
 110.000000000000000       151.907176929026321
 111.000000000000000       151.884670049604779
 112.000000000000000       151.861938063039588
 113.000000000000000       151.838992296565777
 114.000000000000000       151.815832573194399
 115.000000000000000       151.792470607788800
 116.000000000000000       151.768892424699743
 117.000000000000000       151.745123865523027
 118.000000000000000       151.721159506385305
 119.000000000000000       151.696991776603340
 120.000000000000000       151.672644155163596
 121.000000000000000       151.648103468801395
 122.000000000000000       151.623377963457784
 123.000000000000000       151.598468663866612
 124.000000000000000       151.573381513901040
 125.000000000000000       151.548112300185238
 126.000000000000000       151.522672911679138
 127.000000000000000       151.497066189367445
 128.000000000000000       151.471288993254745
 129.000000000000000       151.445350463182962
 130.000000000000000       151.419251601249982
 131.000000000000000       151.392989348685859
 132.000000000000000       151.366575481717433
 133.000000000000000       151.340015254297697
 134.000000000000000       151.313296082448858
 135.000000000000000       151.286429164535321
 136.000000000000000       151.259422102496529
 137.000000000000000       151.232263090870475
 138.000000000000000       151.204967980322294
 139.000000000000000       151.177535456222017
 140.000000000000000       151.149972832305821
 141.000000000000000       151.122270975341792
 142.000000000000000       151.094441636852082
 143.000000000000000       151.066484029817730
 144.000000000000000       151.038397633380583
 145.000000000000000       151.010192737394306
 146.000000000000000       150.981864048912740
 147.000000000000000       150.953410726513141
 148.000000000000000       150.924851081904791
 149.000000000000000       150.896172607583054
 150.000000000000000       150.867380015750939
 151.000000000000000       150.838473191119022
 152.000000000000000       150.809459048176763
 153.000000000000000       150.780340694316152
 154.000000000000000       150.751114571437597
 155.000000000000000       150.721784946622250
 156.000000000000000       150.692356101114399
 157.000000000000000       150.662829529538953
 158.000000000000000       150.633201014790728
 159.000000000000000       150.603480147160184
 160.000000000000000       150.573665663287073
 161.000000000000000       150.543760202943730
 162.000000000000000       150.513759282034698
 163.000000000000000       150.483670903485802
 164.000000000000000       150.453498225320601
 165.000000000000000       150.423236690939120
 166.000000000000000       150.392890654132771
 167.000000000000000       150.362465075431686
 168.000000000000000       150.331952855109847
 169.000000000000000       150.301367607916234
 170.000000000000000       150.270701939073973
 171.000000000000000       150.239960899103664
 172.000000000000000       150.209139404030140
 173.000000000000000       150.178250271918301
 174.000000000000000       150.147283023395346
 175.000000000000000       150.116251249130727
 176.000000000000000       150.085143291287807
 177.000000000000000       150.053969657026300
 178.000000000000000       150.022727944087251
 179.000000000000000       149.991422530371494
 180.000000000000000       149.960053979887618
 181.000000000000000       149.928619938399066
 182.000000000000000       149.897124159731078
 183.000000000000000       149.865564643545838
 184.000000000000000       149.833948322825734
 185.000000000000000       149.802271030870173
 186.000000000000000       149.770534492307746
 187.000000000000000       149.738744931523684
 188.000000000000000       149.706897913671042
 189.000000000000000       149.675004433582473
 190.000000000000000       149.643049834422527
 191.000000000000000       149.611042077218372
 192.000000000000000       149.578988498869450
 193.000000000000000       149.546880543626031
 194.000000000000000       149.514725307962465
 195.000000000000000       149.482520764185523
 196.000000000000000       149.450269509221954
 197.000000000000000       149.417971926050143
 198.000000000000000       149.385632447203960
 199.000000000000000       149.353248217761973
 200.000000000000000       149.320815178634490
 201.000000000000000       149.288344378711429
 202.000000000000000       149.255828819841838
 203.000000000000000       149.223277518492637
 204.000000000000000       149.190679132135017
 205.000000000000000       149.158045747271444
 206.000000000000000       149.125376244086254
 207.000000000000000       149.092667557522020
 208.000000000000000       149.059917391759740
 209.000000000000000       149.027135267618661
 210.000000000000000       148.994317268007990
 211.000000000000000       148.961473863789450
 212.000000000000000       148.928583914704916
 213.000000000000000       148.895668269934845
 214.000000000000000       148.862719670455874
 215.000000000000000       148.829739845187021
 216.000000000000000       148.796727660196836
 217.000000000000000       148.763687562135402
 218.000000000000000       148.730619532766639
 219.000000000000000       148.697521768743002
 220.000000000000000       148.664398700725656
 221.000000000000000       148.631246533580537
 222.000000000000000       148.598068712562849
 223.000000000000000       148.564861489894838
 224.000000000000000       148.531635044011836
 225.000000000000000       148.498380610707102
 226.000000000000000       148.465103165485630
 227.000000000000000       148.431805665414572
 228.000000000000000       148.398488427069850
 229.000000000000000       148.365142620235616
 230.000000000000000       148.331780876843027
 231.000000000000000       148.298397001284457
 232.000000000000000       148.264989822896752
 233.000000000000000       148.231565601213134
 234.000000000000000       148.198122394619702
 235.000000000000000       148.164664279041148
 236.000000000000000       148.131185914374157
 237.000000000000000       148.097692237262947
 238.000000000000000       148.064178764042339
 239.000000000000000       148.030649549933742
 240.000000000000000       147.997112199570694
 241.000000000000000       147.963554015230699
 242.000000000000000       147.929985288425343
 243.000000000000000       147.896399251832804
 244.000000000000000       147.862801274530341
 245.000000000000000       147.829190977125990
 246.000000000000000       147.795570626243006
 247.000000000000000       147.761936973939214
 248.000000000000000       147.728295984058462
 249.000000000000000       147.694640039139500
 250.000000000000000       147.660974304966032
 251.000000000000000       147.627303908168130
 252.000000000000000       147.593616903402108
 253.000000000000000       147.559927281100528
 254.000000000000000       147.526229583933912
 255.000000000000000       147.492523032472519
 256.000000000000000       147.458808630659746
 257.000000000000000       147.425091118615654
 258.000000000000000       147.391366130387411
 259.000000000000000       147.357634409694356
 260.000000000000000       147.323898492967686
 261.000000000000000       147.290157720844803
 262.000000000000000       147.256413450030777
 263.000000000000000       147.222664927854595
 264.000000000000000       147.188913150490208
 265.000000000000000       147.155158050214027
 266.000000000000000       147.121403859939107
 267.000000000000000       147.087642963421303
 268.000000000000000       147.053880140870433
 269.000000000000000       147.020123138581397
 270.000000000000000       146.986363625856200
 271.000000000000000       146.952606490802225
 272.000000000000000       146.918841919921533
 273.000000000000000       146.885085068888884
 274.000000000000000       146.851326148977250
 275.000000000000000       146.817573059100340
 276.000000000000000       146.783813803104039
 277.000000000000000       146.750062964127721
 278.000000000000000       146.716315360919140
 279.000000000000000       146.682571897117953
 280.000000000000000       146.648826630941187
 281.000000000000000       146.615089148601044
 282.000000000000000       146.581358984441039
 283.000000000000000       146.547625716147934
 284.000000000000000       146.513909505977466
 285.000000000000000       146.480186532553660
 286.000000000000000       146.446474649402376
 287.000000000000000       146.412775130137589
 288.000000000000000       146.379082910557543
 289.000000000000000       146.345386330289756
 290.000000000000000       146.311705455230651
 291.000000000000000       146.278030287736300
 292.000000000000000       146.244364459483677
 293.000000000000000       146.210711721848924
 294.000000000000000       146.177063305107112
 295.000000000000000       146.143431540982249
 296.000000000000000       146.109798722099924
 297.000000000000000       146.076182611920729
 298.000000000000000       146.042574479571243
 299.000000000000000       146.008993065227003
 300.000000000000000       145.975404257360168
 301.000000000000000       145.941839890957112
 302.000000000000000       145.908275370300231
 303.000000000000000       145.874728447952464
 304.000000000000000       145.841200505817966
 305.000000000000000       145.807682242578835
 306.000000000000000       145.774178443861587
 307.000000000000000       145.740686104643999
 308.000000000000000       145.707209852367555
 309.000000000000000       145.673747098321968
 310.000000000000000       145.640302778810650
 311.000000000000000       145.606882368499612
 312.000000000000000       145.573457046421254
 313.000000000000000       145.540063968542938
 314.000000000000000       145.506692081048243
 315.000000000000000       145.473323249315143
 316.000000000000000       145.439977524287485
 317.000000000000000       145.406644919928226
 318.000000000000000       145.373337863757882
 319.000000000000000       145.340052792795177
 320.000000000000000       145.306782394364632
 321.000000000000000       145.273535171991711
 322.000000000000000       145.240285756659631
 323.000000000000000       145.207081756531750
 324.000000000000000       145.173881022258854
 325.000000000000000       145.140700660503882
 326.000000000000000       145.107566311768210
 327.000000000000000       145.074416960406893
 328.000000000000000       145.041322331171159
 329.000000000000000       145.008243158195711
 330.000000000000000       144.975171021597532
 331.000000000000000       144.942121703557461
 332.000000000000000       144.909116917117842
 333.000000000000000       144.876122824125559
 334.000000000000000       144.843139558176091
 335.000000000000000       144.810200153773280
 336.000000000000000       144.777280904908622
 337.000000000000000       144.744382856908942
 338.000000000000000       144.711514849591140
 339.000000000000000       144.678675639898444
 340.000000000000000       144.645850877688247
 341.000000000000000       144.613036693489050
 342.000000000000000       144.580279140658433
 343.000000000000000       144.547537681862622
 344.000000000000000       144.514815819768131
 345.000000000000000       144.482136559140542
 346.000000000000000       144.449471037846479
 347.000000000000000       144.416837976490029
 348.000000000000000       144.384225198977504
 349.000000000000000       144.351663142494061
 350.000000000000000       144.319091856317499
 351.000000000000000       144.286585503196079
 352.000000000000000       144.254114791537773
 353.000000000000000       144.221644994528589
 354.000000000000000       144.189240568572814
 355.000000000000000       144.156828530484972
 356.000000000000000       144.124473719871446
 357.000000000000000       144.092140090246005
 358.000000000000000       144.059840905126151
 359.000000000000000       144.027573428950433
 360.000000000000000       143.995323806774195
 361.000000000000000       143.963107171785254
 362.000000000000000       143.930940425660623
 363.000000000000000       143.898797524647676
 364.000000000000000       143.866708961273048
 365.000000000000000       143.834617835485773
 366.000000000000000       143.802598509206007
 367.000000000000000       143.770591564828095
 368.000000000000000       143.738632165343489
 369.000000000000000       143.706683470991322
 370.000000000000000       143.674799691937892
 371.000000000000000       143.642921063477985
 372.000000000000000       143.611100860587470
 373.000000000000000       143.579307816601727
 374.000000000000000       143.547557651793340
 375.000000000000000       143.515838091323332
 376.000000000000000       143.484164506474457
 377.000000000000000       143.452514595785573
 378.000000000000000       143.420931342984261
 379.000000000000000       143.389330384368492
 380.000000000000000       143.357831680459242
 381.000000000000000       143.326332569513340
 382.000000000000000       143.294885253626774
 383.000000000000000       143.263483990327529
 384.000000000000000       143.232109969349239
 385.000000000000000       143.200775718219717
 386.000000000000000       143.169494046239180
 387.000000000000000       143.138246116020042
 388.000000000000000       143.107048918599730
 389.000000000000000       143.075859849665051
 390.000000000000000       143.044769861453744
 391.000000000000000       143.013668909470510
 392.000000000000000       142.982630744753720
 393.000000000000000       142.951622603516142
 394.000000000000000       142.920676756001086
 395.000000000000000       142.889767076536231
 396.000000000000000       142.858890893706302
 397.000000000000000       142.828059872803465
 398.000000000000000       142.797288490570793
 399.000000000000000       142.766556041650290
 400.000000000000000       142.735858214927333
 401.000000000000000       142.705203171728641
 402.000000000000000       142.674603080066817
 403.000000000000000       142.644050492134824
 404.000000000000000       142.613547084167550
 405.000000000000000       142.583065563290717
 406.000000000000000       142.552636693899473
 407.000000000000000       142.522297790877616
 408.000000000000000       142.491976483414277
 409.000000000000000       142.461695353227753
 410.000000000000000       142.431460287870237
 411.000000000000000       142.401263544864491
 412.000000000000000       142.371114481050938
 413.000000000000000       142.341067597817840
 414.000000000000000       142.311021915615868
 415.000000000000000       142.281022680668997
 416.000000000000000       142.251068428920036
 417.000000000000000       142.221206870765968
 418.000000000000000       142.191360397332744
 419.000000000000000       142.161562019907024
 420.000000000000000       142.131849411524342
 421.000000000000000       142.102148311697249
 422.000000000000000       142.072521986361266
 423.000000000000000       142.042931593390193
 424.000000000000000       142.013392145679461
 425.000000000000000       141.983910103944027
 426.000000000000000       141.954486396085628
 427.000000000000000       141.925081421160201
 428.000000000000000       141.895789557123294
 429.000000000000000       141.866499172099708
 430.000000000000000       141.837278594619420
 431.000000000000000       141.808122718249109
 432.000000000000000       141.778998799020513
 433.000000000000000       141.749967521747777
 434.000000000000000       141.720951880308803
 435.000000000000000       141.692017933427110
 436.000000000000000       141.663127641538154
 437.000000000000000       141.634259664658970
 438.000000000000000       141.605516014354180
 439.000000000000000       141.576804925410585
 440.000000000000000       141.548126068902434
 441.000000000000000       141.519518285658421
 442.000000000000000       141.490946820760740
 443.000000000000000       141.462444667561641
 444.000000000000000       141.434010711135130
 445.000000000000000       141.405633164371409
 446.000000000000000       141.377313078044153
 447.000000000000000       141.349027060173626
 448.000000000000000       141.320812602962803
 449.000000000000000       141.292674859874978
 450.000000000000000       141.264594737315747
 451.000000000000000       141.236560102607399
 452.000000000000000       141.208580376119954
 453.000000000000000       141.180668043409497
 454.000000000000000       141.152797749060142
 455.000000000000000       141.125008988381836
 456.000000000000000       141.097272724391075
 457.000000000000000       141.069591458965334
 458.000000000000000       141.042001548591173
 459.000000000000000       141.014453346554859
 460.000000000000000       140.986981391124431
 461.000000000000000       140.959548803508000
 462.000000000000000       140.932171124816193
 463.000000000000000       140.904881606077083
 464.000000000000000       140.877658592935717
 465.000000000000000       140.850466043608634
 466.000000000000000       140.823349727756209
 467.000000000000000       140.796303172577268
 468.000000000000000       140.769322727596091
 469.000000000000000       140.742418794976146
 470.000000000000000       140.715547570858092
 471.000000000000000       140.688738274463532
 472.000000000000000       140.662020968178552
 473.000000000000000       140.635368918700124
 474.000000000000000       140.608784956721735
 475.000000000000000       140.582234696533163
 476.000000000000000       140.555795165113864
 477.000000000000000       140.529403578042405
 478.000000000000000       140.503063653061673
 479.000000000000000       140.476797263124809
 480.000000000000000       140.450596619366422
 481.000000000000000       140.424465344104647
 482.000000000000000       140.398415955564616
 483.000000000000000       140.372418597756990
 484.000000000000000       140.346495682819551
 485.000000000000000       140.320631112097942
 486.000000000000000       140.294861122633677
 487.000000000000000       140.269126349950255
 488.000000000000000       140.243472409246380
 489.000000000000000       140.217895125073170
 490.000000000000000       140.192400098420876
 491.000000000000000       140.166943339249343
 492.000000000000000       140.141582946451223
 493.000000000000000       140.116287472675708
 494.000000000000000       140.091034948962573
 495.000000000000000       140.065890041238362
 496.000000000000000       140.040797536010757
 497.000000000000000       140.015786117165419
 498.000000000000000       139.990839165018599
 499.000000000000000       139.965973164663353
 500.000000000000000       139.941179115674231
 501.000000000000000       139.916445350420304
 502.000000000000000       139.891779499176067
 503.000000000000000       139.867200332194813
 504.000000000000000       139.842688844985531
 505.000000000000000       139.818254821997016
 506.000000000000000       139.793904431644023
 507.000000000000000       139.769619895451541
 508.000000000000000       139.745397544467238
 509.000000000000000       139.721275683435579
 510.000000000000000       139.697185490624946
 511.000000000000000       139.673209345775632
 512.000000000000000       139.649301842187469
 513.000000000000000       139.625455620461196
 514.000000000000000       139.601682373280823
 515.000000000000000       139.578005794613006
 516.000000000000000       139.554408535035350
 517.000000000000000       139.530861231419721
 518.000000000000000       139.507422355631093
 519.000000000000000       139.484033445598044
 520.000000000000000       139.460721899803190
 521.000000000000000       139.437504080465402
 522.000000000000000       139.414356545394639
 523.000000000000000       139.391283800158646
 524.000000000000000       139.368285814526331
 525.000000000000000       139.345389010447434
 526.000000000000000       139.322556575798558
 527.000000000000000       139.299787431275632
 528.000000000000000       139.277117435591435
 529.000000000000000       139.254536681630043
 530.000000000000000       139.232007141253575
 531.000000000000000       139.209570644610409
 532.000000000000000       139.187204947691583
 533.000000000000000       139.164939394342014
 534.000000000000000       139.142753811447449
 535.000000000000000       139.120619759833147
 536.000000000000000       139.098599062405412
 537.000000000000000       139.076637415907186
 538.000000000000000       139.054782977571818
 539.000000000000000       139.032993881370118
 540.000000000000000       139.011272649765857
 541.000000000000000       138.989640614778409
 542.000000000000000       138.968111065407498
 543.000000000000000       138.946647121349088
 544.000000000000000       138.925287055210816
 545.000000000000000       138.903992858559519
 546.000000000000000       138.882768777877999
 547.000000000000000       138.861640333208584
 548.000000000000000       138.840611773422722
 549.000000000000000       138.819658821793013
 550.000000000000000       138.798792076825947
 551.000000000000000       138.777982935778937
 552.000000000000000       138.757299488051217
 553.000000000000000       138.736674780217356
 554.000000000000000       138.716147729320710
 555.000000000000000       138.695696924055255
 556.000000000000000       138.675334795895395
 557.000000000000000       138.655075918519856
 558.000000000000000       138.634860622836726
 559.000000000000000       138.614748963773934
 560.000000000000000       138.594752789056969
 561.000000000000000       138.574804768981437
 562.000000000000000       138.554974649253523
 563.000000000000000       138.535211564058869
 564.000000000000000       138.515555813043136
 565.000000000000000       138.495978291486750
 566.000000000000000       138.476485323381098
 567.000000000000000       138.457090209212851
 568.000000000000000       138.437769856239299
 569.000000000000000       138.418527739856216
 570.000000000000000       138.399371202648581
 571.000000000000000       138.380340576142544
 572.000000000000000       138.361387309376340
 573.000000000000000       138.342532467404624
 574.000000000000000       138.323742318215722
 575.000000000000000       138.305044238154636
 576.000000000000000       138.286440389480902
 577.000000000000000       138.267964912348276
 578.000000000000000       138.249534211906706
 579.000000000000000       138.231214105656647
 580.000000000000000       138.212973213511191
 581.000000000000000       138.194840547800538
 582.000000000000000       138.176759110668513
 583.000000000000000       138.158797814326562
 584.000000000000000       138.140945611417010
 585.000000000000000       138.123148815883127
 586.000000000000000       138.105486571958181
 587.000000000000000       138.087888762729790
 588.000000000000000       138.070382029521937
 589.000000000000000       138.052977350176633
 590.000000000000000       138.035680140974705
 591.000000000000000       138.018482948775755
 592.000000000000000       138.001316598673014
 593.000000000000000       137.984282859670770
 594.000000000000000       137.967339370390903
 595.000000000000000       137.950531022354966
 596.000000000000000       137.933753752942494
 597.000000000000000       137.917110655965388
 598.000000000000000       137.900545559876889
 599.000000000000000       137.884088333075965
 600.000000000000000       137.867700579193439
 601.000000000000000       137.851420132558445
 602.000000000000000       137.835274700268485
 603.000000000000000       137.819188422662023
 604.000000000000000       137.803202677104338
 605.000000000000000       137.787317565257382
 606.000000000000000       137.771512034070042
 607.000000000000000       137.755805927866874
 608.000000000000000       137.740203611355327
 609.000000000000000       137.724709894626244
 610.000000000000000       137.709280161208738
 611.000000000000000       137.693974996882247
 612.000000000000000       137.678803477145692
 613.000000000000000       137.663688009509258
 614.000000000000000       137.648668692166098
 615.000000000000000       137.633751959268494
 616.000000000000000       137.618929725113134
 617.000000000000000       137.604198908099107
 618.000000000000000       137.589592240065571
 619.000000000000000       137.575073240923160
 620.000000000000000       137.560674921232192
 621.000000000000000       137.546351333494215
 622.000000000000000       137.532124750056823
 623.000000000000000       137.517964778592500
 624.000000000000000       137.503981799258611
 625.000000000000000       137.490036787164399
 626.000000000000000       137.476239822381643
 627.000000000000000       137.462491409933165
 628.000000000000000       137.448893695647314
 629.000000000000000       137.435346526838487
 630.000000000000000       137.421960406974677
 631.000000000000000       137.408643662611354
 632.000000000000000       137.395430684413952
 633.000000000000000       137.382298092993381
 634.000000000000000       137.369280037815031
 635.000000000000000       137.356391421249896
 636.000000000000000       137.343584876103677
 637.000000000000000       137.330875961922715
 638.000000000000000       137.318295960255341
 639.000000000000000       137.305781905501391
 640.000000000000000       137.293373959482210
 641.000000000000000       137.281096794648079
 642.000000000000000       137.268920409287006
 643.000000000000000       137.256805685303704
 644.000000000000000       137.244829625185901
 645.000000000000000       137.232947247799387
 646.000000000000000       137.221175482720582
 647.000000000000000       137.209527410797222
 648.000000000000000       137.197946034284058
 649.000000000000000       137.186513384679046
 650.000000000000000       137.175129129211740
 651.000000000000000       137.163903366612345
 652.000000000000000       137.152727634650518
 653.000000000000000       137.141719383408230
 654.000000000000000       137.130738345621495
 655.000000000000000       137.119946118398587
 656.000000000000000       137.109247920050876
 657.000000000000000       137.098595619164485
 658.000000000000000       137.088120656256962
 659.000000000000000       137.077690200848480
 660.000000000000000       137.067396006320848
 661.000000000000000       137.057227402080684
 662.000000000000000       137.047134277459179
 663.000000000000000       137.037158900370741
 664.000000000000000       137.027278386812839
 665.000000000000000       137.017509414269057
 666.000000000000000       137.007881910799028
 667.000000000000000       136.998325372236280
 668.000000000000000       136.988877860666207
 669.000000000000000       136.979584714176553
 670.000000000000000       136.970349993882905
 671.000000000000000       136.961209078802256
 672.000000000000000       136.952210153893702
 673.000000000000000       136.943322104130573
 674.000000000000000       136.934541589075479
 675.000000000000000       136.925846641650850
 676.000000000000000       136.917304235676255
 677.000000000000000       136.908844760936489
 678.000000000000000       136.900513479091330
 679.000000000000000       136.892255754257491
 680.000000000000000       136.884122634421487
 681.000000000000000       136.876104112048353
 682.000000000000000       136.868190241932751
 683.000000000000000       136.860395313717788
 684.000000000000000       136.852682758570893
 685.000000000000000       136.845101598269338
 686.000000000000000       136.837661142692212
 687.000000000000000       136.830295116264125
 688.000000000000000       136.823064529516927
 689.000000000000000       136.815896116679795
 690.000000000000000       136.808882526895843
 691.000000000000000       136.802000010778670
 692.000000000000000       136.795191112162229
 693.000000000000000       136.788497380414725
 694.000000000000000       136.781921938590443
 695.000000000000000       136.775454615996551
 696.000000000000000       136.769128207910654
 697.000000000000000       136.762862696421877
 698.000000000000000       136.756751361575681
 699.000000000000000       136.750728603772131
 700.000000000000000       136.744832257903653
 701.000000000000000       136.739048096310569
 702.000000000000000       136.733396068258685
 703.000000000000000       136.727829387394621
 704.000000000000000       136.722395094345359
 705.000000000000000       136.717031412459420
 706.000000000000000       136.711841235095477
 707.000000000000000       136.706725926193798
 708.000000000000000       136.701736631561573
 709.000000000000000       136.696855021636310
 710.000000000000000       136.692095625592088
 711.000000000000000       136.687448310457057
 712.000000000000000       136.682914333591015
 713.000000000000000       136.678502933858823
 714.000000000000000       136.674192718138613
 715.000000000000000       136.669984984520028
 716.000000000000000       136.665919582534229
 717.000000000000000       136.661989075066685
 718.000000000000000       136.658127275121331
 719.000000000000000       136.654416241865903
 720.000000000000000       136.650801217899925
 721.000000000000000       136.647301695908538
 722.000000000000000       136.643911756960705
 723.000000000000000       136.640663798718549
 724.000000000000000       136.637491740982711
 725.000000000000000       136.634507245523338
 726.000000000000000       136.631585455524373
 727.000000000000000       136.628769479979923
 728.000000000000000       136.626090286482963
 729.000000000000000       136.623551368042854
 730.000000000000000       136.621099794188382
 731.000000000000000       136.618758193073859
 732.000000000000000       136.616549158701048
 733.000000000000000       136.614451422916403
 734.000000000000000       136.612480023641638
 735.000000000000000       136.610615248506889
 736.000000000000000       136.608907152923962
 737.000000000000000       136.607243513532097
 738.000000000000000       136.605762558872044
 739.000000000000000       136.604375000376166
 740.000000000000000       136.603108288473379
 741.000000000000000       136.601942439723700
 742.000000000000000       136.600914834996615
 743.000000000000000       136.600005563790063
 744.000000000000000       136.599197867442598
 745.000000000000000       136.598538160649497
 746.000000000000000       136.597968582718948
 747.000000000000000       136.597550808640761
 748.000000000000000       136.597208245181207
 749.000000000000000       136.597021390437902
 750.000000000000000       136.596968320387759
 751.000000000000000       136.596986933936051
 752.000000000000000       136.597167137570352
 753.000000000000000       136.597425263426203
 754.000000000000000       136.597855860082916
 755.000000000000000       136.598362617503199
 756.000000000000000       136.598978821377756
 757.000000000000000       136.599776398589341
 758.000000000000000       136.600654962380787
 759.000000000000000       136.601653959244828
 760.000000000000000       136.602783909239577
 761.000000000000000       136.604032016099296
 762.000000000000000       136.605359364261972
 763.000000000000000       136.606865891514673
 764.000000000000000       136.608486036427990
 765.000000000000000       136.610192827701098
 766.000000000000000       136.612051945740035
 767.000000000000000       136.613995474444351
 768.000000000000000       136.616103389291965
 769.000000000000000       136.618309622489704
 770.000000000000000       136.620665128262374
 771.000000000000000       136.623101914279403
 772.000000000000000       136.625695851028951
 773.000000000000000       136.628407675024903
 774.000000000000000       136.631222439088816
 775.000000000000000       136.634151206723857
 776.000000000000000       136.637245491416451
 777.000000000000000       136.640409361136733
 778.000000000000000       136.643743588573642
 779.000000000000000       136.647162444496672
 780.000000000000000       136.650721021712371
 781.000000000000000       136.654390440213234
 782.000000000000000       136.658204847195663
 783.000000000000000       136.662136136906213
 784.000000000000000       136.666168490462923
 785.000000000000000       136.670367127863614
 786.000000000000000       136.674652286171778
 787.000000000000000       136.679080127984491
 788.000000000000000       136.683633508208629
 789.000000000000000       136.688294838570243
 790.000000000000000       136.693043187511591
 791.000000000000000       136.697988110443731
 792.000000000000000       136.703024952354895
 793.000000000000000       136.708178540976263
 794.000000000000000       136.713469456153689
 795.000000000000000       136.718871159099791
 796.000000000000000       136.724421000626279
 797.000000000000000       136.730067727250514
 798.000000000000000       136.735865103248216
 799.000000000000000       136.741767994725279
 800.000000000000000       136.747783290734674
 801.000000000000000       136.753935128544384
 802.000000000000000       136.760221010526550
 803.000000000000000       136.766635254220205
 804.000000000000000       136.773147702176402
 805.000000000000000       136.779796016311451
 806.000000000000000       136.786595632090496
 807.000000000000000       136.793503556246321
 808.000000000000000       136.800501238884095
 809.000000000000000       136.807694315294242
 810.000000000000000       136.814960164546846
 811.000000000000000       136.822375472485191
 812.000000000000000       136.829910307004042
 813.000000000000000       136.837572866521811
 814.000000000000000       136.845337499343117
 815.000000000000000       136.853246403508820
 816.000000000000000       136.861298934203433
 817.000000000000000       136.869459365562165
 818.000000000000000       136.877722793718618
 819.000000000000000       136.886133206033776
 820.000000000000000       136.894677643551319
 821.000000000000000       136.903327980114312
 822.000000000000000       136.912122187194711
 823.000000000000000       136.921044167077298
 824.000000000000000       136.930085695224648
 825.000000000000000       136.939268866396503
 826.000000000000000       136.948530963883655
 827.000000000000000       136.957984978677644
 828.000000000000000       136.967521649153809
 829.000000000000000       136.977185486341313
 830.000000000000000       136.987007647267433
 831.000000000000000       136.996936842927568
 832.000000000000000       137.007000232969034
 833.000000000000000       137.017174153686000
 834.000000000000000       137.027484812622447
 835.000000000000000       137.037908944302529
 836.000000000000000       137.048479158353757
 837.000000000000000       137.059179288452100
 838.000000000000000       137.069980130527995
 839.000000000000000       137.080939813737245
 840.000000000000000       137.092011847311511
 841.000000000000000       137.103216849546925
 842.000000000000000       137.114552081276685
 843.000000000000000       137.126002877417733
 844.000000000000000       137.137582078287124
 845.000000000000000       137.149280685251682
 846.000000000000000       137.161153549012710
 847.000000000000000       137.173083615687943
 848.000000000000000       137.185184025887054
 849.000000000000000       137.197418616245983
 850.000000000000000       137.209766087068743
 851.000000000000000       137.222245902797937
 852.000000000000000       137.234849629718923
 853.000000000000000       137.247583279473133
 854.000000000000000       137.260448123527965
 855.000000000000000       137.273436687743839
 856.000000000000000       137.286565087355399
 857.000000000000000       137.299808002091169
 858.000000000000000       137.313166549835302
 859.000000000000000       137.326685104770974
 860.000000000000000       137.340325965054603
 861.000000000000000       137.354075597112796
 862.000000000000000       137.367967450918712
 863.000000000000000       137.381994729068310
 864.000000000000000       137.396128906741808
 865.000000000000000       137.410414392870166
 866.000000000000000       137.424821503137224
 867.000000000000000       137.439352576211718
 868.000000000000000       137.454006236571360
 869.000000000000000       137.468787561703863
 870.000000000000000       137.483725672308339
 871.000000000000000       137.498772422486354
 872.000000000000000       137.513938180899800
 873.000000000000000       137.529270722269587
 874.000000000000000       137.544679021809344
 875.000000000000000       137.560269462090702
 876.000000000000000       137.575949538138900
 877.000000000000000       137.591773469119545
 878.000000000000000       137.607725659636600
 879.000000000000000       137.623809064002529
 880.000000000000000       137.640011128174081
 881.000000000000000       137.656358078462176
 882.000000000000000       137.672820893699594
 883.000000000000000       137.689423642347464
 884.000000000000000       137.706152425269096
 885.000000000000000       137.723030600986135
 886.000000000000000       137.740014146878792
 887.000000000000000       137.757112944977166
 888.000000000000000       137.774382154544384
 889.000000000000000       137.791734633387591
 890.000000000000000       137.809242049214589
 891.000000000000000       137.826884800672332
 892.000000000000000       137.844644576574581
 893.000000000000000       137.862541998566883
 894.000000000000000       137.880565690372777
 895.000000000000000       137.898714172157838
 896.000000000000000       137.917001376091349
 897.000000000000000       137.935419266409639
 898.000000000000000       137.953962563449124
 899.000000000000000       137.972629572296682
 900.000000000000000       137.991439808382239
 901.000000000000000       138.010372478015910
 902.000000000000000       138.029431493039766
 903.000000000000000       138.048625239046345
 904.000000000000000       138.067953612028248
 905.000000000000000       138.087417769968113
 906.000000000000000       138.106985700498285
 907.000000000000000       138.126701403636389
 908.000000000000000       138.146553296460098
 909.000000000000000       138.166524775830823
 910.000000000000000       138.186636423995878
 911.000000000000000       138.206859082226487
 912.000000000000000       138.227225320298686
 913.000000000000000       138.247715841381961
 914.000000000000000       138.268345739661015
 915.000000000000000       138.289100411455479
 916.000000000000000       138.309981914060870
 917.000000000000000       138.331016845369362
 918.000000000000000       138.352163484138259
 919.000000000000000       138.373408606667851
 920.000000000000000       138.394823076854095
 921.000000000000000       138.416365799158484
 922.000000000000000       138.438035932490891
 923.000000000000000       138.459820933833868
 924.000000000000000       138.481764827870251
 925.000000000000000       138.503814843326495
 926.000000000000000       138.526001545657721
 927.000000000000000       138.548314471103140
 928.000000000000000       138.570761165216652
 929.000000000000000       138.593342518439414
 930.000000000000000       138.616071415493934
 931.000000000000000       138.638895116159603
 932.000000000000000       138.661871923091013
 933.000000000000000       138.684962651525694
 934.000000000000000       138.708198616638384
 935.000000000000000       138.731569939276909
 936.000000000000000       138.755057292211092
 937.000000000000000       138.778673050954978
 938.000000000000000       138.802430014804145
 939.000000000000000       138.826305439475760
 940.000000000000000       138.850317408049335
 941.000000000000000       138.874463034572926
 942.000000000000000       138.898742201264923
 943.000000000000000       138.923152466127192
 944.000000000000000       138.947670997771183
 945.000000000000000       138.972355217337196
 946.000000000000000       138.997141869916078
 947.000000000000000       139.022065744045534
 948.000000000000000       139.047117926094700
 949.000000000000000       139.072312012799898
 950.000000000000000       139.097639844344201
 951.000000000000000       139.123074023753560
 952.000000000000000       139.148667119432304
 953.000000000000000       139.174367572890276
 954.000000000000000       139.200209838701284
 955.000000000000000       139.226187407399323
 956.000000000000000       139.252286423144625
 957.000000000000000       139.278507702346133
 958.000000000000000       139.304881932231751
 959.000000000000000       139.331374071193835
 960.000000000000000       139.357993621765104
 961.000000000000000       139.384736114484355
 962.000000000000000       139.411627927620714
 963.000000000000000       139.438654239927700
 964.000000000000000       139.465782175258028
 965.000000000000000       139.493053305300293
 966.000000000000000       139.520466268385547
 967.000000000000000       139.547987681759935
 968.000000000000000       139.575679459840359
 969.000000000000000       139.603454070905656
 970.000000000000000       139.631383673684212
 971.000000000000000       139.659462371478924
 972.000000000000000       139.687618996199831
 973.000000000000000       139.715941696009025
 974.000000000000000       139.744402432907236
 975.000000000000000       139.772975611175184
 976.000000000000000       139.801698574780858
 977.000000000000000       139.830510304627182
 978.000000000000000       139.859492806783351
 979.000000000000000       139.888587882975912
 980.000000000000000       139.917825732909591
 981.000000000000000       139.947197093956987
 982.000000000000000       139.976661130569710
 983.000000000000000       140.006290678576420
 984.000000000000000       140.036027006501826
 985.000000000000000       140.065899333835915
 986.000000000000000       140.095922798954575
 987.000000000000000       140.126044353110359
 988.000000000000000       140.156319997907900
 989.000000000000000       140.186716958517053
 990.000000000000000       140.217237780602971
 991.000000000000000       140.247897653041861
 992.000000000000000       140.278716392326231
 993.000000000000000       140.309609607164134
 994.000000000000000       140.340659378142277
 995.000000000000000       140.371834090177856
 996.000000000000000       140.403155166438523
 997.000000000000000       140.434593671196779
 998.000000000000000       140.466156295241177
 999.000000000000000       140.497863837819210
1000.000000000000000       140.529689104965996
1001.000000000000000       140.561621458428647
1002.000000000000000       140.593713598411057
1003.000000000000000       140.625957241670164
1004.000000000000000       140.658311366967467
1005.000000000000000       140.690772474347085
1006.000000000000000       140.723389501657465
1007.000000000000000       140.756104005075059
1008.000000000000000       140.788983767399429
1009.000000000000000       140.821958646401441
1010.000000000000000       140.855078891335637
1011.000000000000000       140.888346376308306
1012.000000000000000       140.921734473170119
1013.000000000000000       140.955228798217831
1014.000000000000000       140.988880954148385
1015.000000000000000       141.022659537814889
1016.000000000000000       141.056558323328346
1017.000000000000000       141.090579801488957
1018.000000000000000       141.124723468255979
1019.000000000000000       141.159077893119786
1020.000000000000000       141.193439012835057
1021.000000000000000       141.227988930003306
1022.000000000000000       141.262696194565791
1023.000000000000000       141.297457830590616
1024.000000000000000       141.332387142176600
1025.000000000000000       141.367459103787610
1026.000000000000000       141.402627128885626
1027.000000000000000       141.437976129924863
1028.000000000000000       141.473416021605402
1029.000000000000000       141.508976921167601
1030.000000000000000       141.544698389570414
1031.000000000000000       141.580532022889059
1032.000000000000000       141.616509572019766
1033.000000000000000       141.652589222482419
1034.000000000000000       141.688797269415744
1035.000000000000000       141.725134788889051
1036.000000000000000       141.761631834654310
1037.000000000000000       141.798249045108633
1038.000000000000000       141.834938341219413
1039.000000000000000       141.871811740266935
1040.000000000000000       141.908800623812851
1041.000000000000000       141.945946377163693
1042.000000000000000       141.983179155472897
1043.000000000000000       142.020557947636604
1044.000000000000000       142.058096105186024
1045.000000000000000       142.095702135433811
1046.000000000000000       142.133433856729056
1047.000000000000000       142.171335447707634
1048.000000000000000       142.209358441331176
1049.000000000000000       142.247498281485747
1050.000000000000000       142.285779007327989
1051.000000000000000       142.324164234223673
1052.000000000000000       142.362683836810362
1053.000000000000000       142.401330713555865
1054.000000000000000       142.440170564336398
1055.000000000000000       142.479108921464046
1056.000000000000000       142.518110673303084
1057.000000000000000       142.557282889571553
1058.000000000000000       142.596492828677839
1059.000000000000000       142.635988427092457
1060.000000000000000       142.675487795294941
1061.000000000000000       142.715209975623196
1062.000000000000000       142.755027135166330
1063.000000000000000       142.794948743438567
1064.000000000000000       142.834981412576582
1065.000000000000000       142.875165507176519
1066.000000000000000       142.915497553239476
1067.000000000000000       142.955955717150914
1068.000000000000000       142.996457034612064
1069.000000000000000       143.037218086804870
1070.000000000000000       143.077987757159747
1071.000000000000000       143.118999880910792
1072.000000000000000       143.160047876817657
1073.000000000000000       143.201224123313040
1074.000000000000000       143.242511705320425
1075.000000000000000       143.283972832553161
1076.000000000000000       143.325567765700697
1077.000000000000000       143.367289089694708
1078.000000000000000       143.409095632568949
1079.000000000000000       143.451112349772529
1080.000000000000000       143.493179687162552
1081.000000000000000       143.535414176771297
1082.000000000000000       143.577760872663646
1083.000000000000000       143.620149768841941
1084.000000000000000       143.662787897443621
1085.000000000000000       143.705511796864045
1086.000000000000000       143.748302374362765
1087.000000000000000       143.791304611481195
1088.000000000000000       143.834359297328916
1089.000000000000000       143.877594904875622
1090.000000000000000       143.920946522046933
1091.000000000000000       143.964404098506236
1092.000000000000000       144.008026576956723
1093.000000000000000       144.051745963676098
1094.000000000000000       144.095595616580567
1095.000000000000000       144.139589856048701
1096.000000000000000       144.183673061499434
1097.000000000000000       144.227860789774354
1098.000000000000000       144.272219644857586
1099.000000000000000       144.316712942447850
1100.000000000000000       144.361260054351845
1101.000000000000000       144.406058205897921
1102.000000000000000       144.450858883937030
1103.000000000000000       144.495858723865695
1104.000000000000000       144.540924858449159
1105.000000000000000       144.586195868912739
1106.000000000000000       144.631547549366474
1107.000000000000000       144.676999001986303
1108.000000000000000       144.722536263845114
1109.000000000000000       144.768303759652838
1110.000000000000000       144.814141979355526
1111.000000000000000       144.860136277833334
1112.000000000000000       144.906247423359190
1113.000000000000000       144.952376447594247
1114.000000000000000       144.998805750688945
1115.000000000000000       145.045301464830317
1116.000000000000000       145.091900752395816
1117.000000000000000       145.138575900979561
1118.000000000000000       145.185446318076288
1119.000000000000000       145.232493248274238
1120.000000000000000       145.279457127454862
1121.000000000000000       145.326790668990895
1122.000000000000000       145.374016781966958
1123.000000000000000       145.421587976273827
1124.000000000000000       145.469097509869641
1125.000000000000000       145.516775772439729
1126.000000000000000       145.564672275528579
1127.000000000000000       145.612567341882681
1128.000000000000000       145.660669556602642
1129.000000000000000       145.708842355743883
1130.000000000000000       145.757189646406431
1131.000000000000000       145.805612844140654
1132.000000000000000       145.854213265239451
1133.000000000000000       145.902925779045319
1134.000000000000000       145.951700986678958
1135.000000000000000       146.000683101460083
1136.000000000000000       146.049737039330580
1137.000000000000000       146.098901791502612
1138.000000000000000       146.148157836551150
1139.000000000000000       146.197615672622021
1140.000000000000000       146.247214462655023
1141.000000000000000       146.296856392168507
1142.000000000000000       146.346629038943405
1143.000000000000000       146.396594409465337
1144.000000000000000       146.446628473765088
1145.000000000000000       146.496750973814329
1146.000000000000000       146.546970415290190
1147.000000000000000       146.597374352446280
1148.000000000000000       146.647928308895331
1149.000000000000000       146.698576500769633
1150.000000000000000       146.749361642202047
1151.000000000000000       146.800274652018231
1152.000000000000000       146.851264205923968
1153.000000000000000       146.902415641906714
1154.000000000000000       146.953660168864928
1155.000000000000000       147.005041881667211
1156.000000000000000       147.056543397474542
1157.000000000000000       147.108256791438549
1158.000000000000000       147.160034311765287
1159.000000000000000       147.211840546842325
1160.000000000000000       147.263668511823283
1161.000000000000000       147.315854582532950
1162.000000000000000       147.368055593880655
1163.000000000000000       147.420330703890642
1164.000000000000000       147.472856569755692
1165.000000000000000       147.525432147400181
1166.000000000000000       147.578228185998654
1167.000000000000000       147.631039104634056
1168.000000000000000       147.683948847742158
1169.000000000000000       147.736964534010639
1170.000000000000000       147.790201475823125
1171.000000000000000       147.843563123446103
1172.000000000000000       147.896916458809358
1173.000000000000000       147.950391878631848
1174.000000000000000       148.004085239642620
1175.000000000000000       148.057900911141274
1176.000000000000000       148.111800570219515
1177.000000000000000       148.165848377075093
1178.000000000000000       148.219997023866739
1179.000000000000000       148.274310851327101
1180.000000000000000       148.328653918437766
1181.000000000000000       148.383156921554900
1182.000000000000000       148.437739786465130
1183.000000000000000       148.492490905857551
1184.000000000000000       148.547313915930829
1185.000000000000000       148.602301378034355
1186.000000000000000       148.657506588066610
1187.000000000000000       148.712667603210065
1188.000000000000000       148.768012305376374
1189.000000000000000       148.823371376912917
1190.000000000000000       148.878974258884710
1191.000000000000000       148.934660041619821
1192.000000000000000       148.990487801156348
1193.000000000000000       149.046456761987656
1194.000000000000000       149.102485899338120
1195.000000000000000       149.158610945488135
1196.000000000000000       149.215021926056068
1197.000000000000000       149.271281436955547
1198.000000000000000       149.327744149923774
1199.000000000000000       149.384492961462854
1200.000000000000000       149.441070930885871
