   0.000000000000000    0.000000000000000
   1.000000000000000   -0.000000000080551
   2.000000000000000    0.002449129079751
   3.000000000000000    0.005512172119703
   4.000000000000000    0.009783038148609
   5.000000000000000    0.015211202556367
   6.000000000000000    0.021709798792156
   7.000000000000000    0.029155200342279
   8.000000000000000    0.037411843426434
   9.000000000000000    0.046351181726410
  10.000000000000000    0.055859322772255
  11.000000000000000    0.065838220093730
  12.000000000000000    0.076204241445248
  13.000000000000000    0.086884588683497
  14.000000000000000    0.097814318035081
  15.000000000000000    0.108934012658985
  16.000000000000000    0.120188449953273
  17.000000000000000    0.131527733463269
  18.000000000000000    0.142909173277010
  19.000000000000000    0.154301000032441
  20.000000000000000    0.165686686274776
  21.000000000000000    0.177069016854689
  22.000000000000000    0.188473727351913
  23.000000000000000    0.199953060729746
  24.000000000000000    0.211587118510315
  25.000000000000000    0.223484570849001
  26.000000000000000    0.235783082645201
  27.000000000000000    0.248647326363349
  28.000000000000000    0.262266848694392
  29.000000000000000    0.276852888070126
  30.000000000000000    0.292635421520282
  31.000000000000000    0.309859612934825
  32.000000000000000    0.328780994866693
  33.000000000000000    0.349662442895574
  34.000000000000000    0.372770508113904
  35.000000000000000    0.398371183117592
  36.000000000000000    0.426727633027943
  37.000000000000000    0.458096378940055
  38.000000000000000    0.492725286912801
  39.000000000000000    0.530851312478969
  40.000000000000000    0.572698425324643
  41.000000000000000    0.618475792633551
  42.000000000000000    0.668378027853933
  43.000000000000000    0.722582528216051
  44.000000000000000    0.781249415803245
  45.000000000000000    0.844521993161793
  46.000000000000000    0.912525482318182
  47.000000000000000    0.985368020955319
  48.000000000000000    1.063139391599899
  49.000000000000000    1.145913500241327
  50.000000000000000    1.233747115099360
  51.000000000000000    1.326680755829539
  52.000000000000000    1.424739987845315
  53.000000000000000    1.527935848251779
  54.000000000000000    1.636264638736532
  55.000000000000000    1.749710318426954
  56.000000000000000    1.868244562601412
  57.000000000000000    1.991826434733635
  58.000000000000000    2.120405494123437
  59.000000000000000    2.253920543757506
  60.000000000000000    2.392301602445677
  61.000000000000000    2.535470915116233
  62.000000000000000    2.683341559240093
  63.000000000000000    2.835820796823429
  64.000000000000000    2.992810179933302
  65.000000000000000    3.154204787716026
  66.000000000000000    3.319895164627034
  67.000000000000000    3.489767999336395
  68.000000000000000    3.663705360046072
  69.000000000000000    3.841587269903593
  70.000000000000000    4.023290761973795
  71.000000000000000    4.208690644233545
  72.000000000000000    4.397659760612852
  73.000000000000000    4.590070832250721
  74.000000000000000    4.785794620202678
  75.000000000000000    4.984700382448774
  76.000000000000000    5.186660932260850
  77.000000000000000    5.391546377526799
  78.000000000000000    5.599225987819208
  79.000000000000000    5.809573507418641
  80.000000000000000    6.022461353859056
  81.000000000000000    6.237762435976249
  82.000000000000000    6.455353499129699
  83.000000000000000    6.675110956930237
  84.000000000000000    6.896912034568561
  85.000000000000000    7.120639139517579
  86.000000000000000    7.346173371185065
  87.000000000000000    7.573398999339508
  88.000000000000000    7.802203570400011
  89.000000000000000    8.032475766501660
  90.000000000000000    8.264106015433910
  91.000000000000000    8.496986003803569
  92.000000000000000    8.731017916006158
  93.000000000000000    8.966096141065655
  94.000000000000000    9.202119639679124
  95.000000000000000    9.438995311552423
  96.000000000000000    9.676626750969076
  97.000000000000000    9.914925596254085
  98.000000000000000   10.153801158107498
  99.000000000000000   10.393169107983669
 100.000000000000000   10.632942273551246
 101.000000000000000   10.873039142978232
 102.000000000000000   11.113387227594169
 103.000000000000000   11.353904533802559
 104.000000000000000   11.594515937697174
 105.000000000000000   11.835156063563719
 106.000000000000000   12.075755125433481
 107.000000000000000   12.316242783769177
 108.000000000000000   12.556554759865000
 109.000000000000000   12.796635011082836
 110.000000000000000   13.036418602383511
 111.000000000000000   13.275847694591015
 112.000000000000000   13.514871825166759
 113.000000000000000   13.753433033863011
 114.000000000000000   13.991481511461366
 115.000000000000000   14.228970795448612
 116.000000000000000   14.465850445409068
 117.000000000000000   14.702072946399637
 118.000000000000000   14.937603659682868
 119.000000000000000   15.172394026420299
 120.000000000000000   15.406405550559002
 121.000000000000000   15.639604774224059
 122.000000000000000   15.871951725203779
 123.000000000000000   16.103412319679396
 124.000000000000000   16.333956031660488
 125.000000000000000   16.563548657094177
 126.000000000000000   16.792158474959152
 127.000000000000000   17.019762838689594
 128.000000000000000   17.246331878828364
 129.000000000000000   17.471838827774306
 130.000000000000000   17.696265132901388
 131.000000000000000   17.919582998221337
 132.000000000000000   18.141767128965302
 133.000000000000000   18.362808779255150
 134.000000000000000   18.582685480543223
 135.000000000000000   18.801370383848678
 136.000000000000000   19.018857143660437
 137.000000000000000   19.235127030446833
 138.000000000000000   19.450160733721500
 139.000000000000000   19.663946926847590
 140.000000000000000   19.876476813914579
 141.000000000000000   20.087738611985277
 142.000000000000000   20.297715817222716
 143.000000000000000   20.506405155125805
 144.000000000000000   20.713792001953358
 145.000000000000000   20.919870272991730
 146.000000000000000   21.124638087410769
 147.000000000000000   21.328076103010453
 148.000000000000000   21.530185090265416
 149.000000000000000   21.730968303856567
 150.000000000000000   21.930412781194480
 151.000000000000000   22.128512985032582
 152.000000000000000   22.325264480775914
 153.000000000000000   22.520671443565792
 154.000000000000000   22.714730383596045
 155.000000000000000   22.907432935620982
 156.000000000000000   23.098782891203054
 157.000000000000000   23.288784591139592
 158.000000000000000   23.477430787008561
 159.000000000000000   23.664721267534777
 160.000000000000000   23.850661329400587
 161.000000000000000   24.035254276157399
 162.000000000000000   24.218498669958937
 163.000000000000000   24.400391850630960
 164.000000000000000   24.580944211670605
 165.000000000000000   24.760156306856295
 166.000000000000000   24.938026081442118
 167.000000000000000   25.114566102468380
 168.000000000000000   25.289773850381660
 169.000000000000000   25.463651731345834
 170.000000000000000   25.636211924149730
 171.000000000000000   25.807456617873452
 172.000000000000000   25.977385552941119
 173.000000000000000   26.146008548745456
 174.000000000000000   26.313328114882893
 175.000000000000000   26.479353201458192
 176.000000000000000   26.644092181297410
 177.000000000000000   26.807541008007568
 178.000000000000000   26.969713495877475
 179.000000000000000   27.130612724286667
 180.000000000000000   27.290250301805521
 181.000000000000000   27.448631703176464
 182.000000000000000   27.605761488542143
 183.000000000000000   27.761645724584184
 184.000000000000000   27.916294836376988
 185.000000000000000   28.069715719065961
 186.000000000000000   28.221909362864853
 187.000000000000000   28.372891371285661
 188.000000000000000   28.522658321101130
 189.000000000000000   28.671233947633013
 190.000000000000000   28.818629000991248
 191.000000000000000   28.964823487325155
 192.000000000000000   29.109847533688896
 193.000000000000000   29.253706920217823
 194.000000000000000   29.396402652146719
 195.000000000000000   29.537950542368360
 196.000000000000000   29.678352488776245
 197.000000000000000   29.817614988595810
 198.000000000000000   29.955750819970863
 199.000000000000000   30.092780793098541
 200.000000000000000   30.228692899511266
 201.000000000000000   30.363498757189614
 202.000000000000000   30.497213883926097
 203.000000000000000   30.629847774593753
 204.000000000000000   30.761404190326871
 205.000000000000000   30.891881203435851
 206.000000000000000   31.021305994277014
 207.000000000000000   31.149688596046694
 208.000000000000000   31.277019941405193
 209.000000000000000   31.403311642347361
 210.000000000000000   31.528569717461185
 211.000000000000000   31.652824420076453
 212.000000000000000   31.776074108642042
 213.000000000000000   31.898305295923443
 214.000000000000000   32.019551917116054
 215.000000000000000   32.139816434981988
 216.000000000000000   32.259102153224759
 217.000000000000000   32.377413347246375
 218.000000000000000   32.494769564015684
 219.000000000000000   32.611173345243323
 220.000000000000000   32.726633457251616
 221.000000000000000   32.841159247254623
 222.000000000000000   32.954762726671909
 223.000000000000000   33.067440336379818
 224.000000000000000   33.179203154599428
 225.000000000000000   33.290071188455549
 226.000000000000000   33.400033046562982
 227.000000000000000   33.509104319900899
 228.000000000000000   33.617313150840133
 229.000000000000000   33.724645641283807
 230.000000000000000   33.831104639686664
 231.000000000000000   33.936721199608648
 232.000000000000000   34.041484476625811
 233.000000000000000   34.145401587398574
 234.000000000000000   34.248483333075136
 235.000000000000000   34.350742984294833
 236.000000000000000   34.452184951295195
 237.000000000000000   34.552819897156816
 238.000000000000000   34.652655404837468
 239.000000000000000   34.751674024243123
 240.000000000000000   34.849916461379443
 241.000000000000000   34.947381871216912
 242.000000000000000   35.044068950367020
 243.000000000000000   35.139995743065420
 244.000000000000000   35.235153924038976
 245.000000000000000   35.329557527987369
 246.000000000000000   35.423216190123952
 247.000000000000000   35.516134471087028
 248.000000000000000   35.608328847871896
 249.000000000000000   35.699802187842032
 250.000000000000000   35.790539389595331
 251.000000000000000   35.880580200733974
 252.000000000000000   35.969911194072743
 253.000000000000000   36.058528162134714
 254.000000000000000   36.146470747643285
 255.000000000000000   36.233731602695833
 256.000000000000000   36.320297860178428
 257.000000000000000   36.406195076037299
 258.000000000000000   36.491437498199254
 259.000000000000000   36.576013718593757
 260.000000000000000   36.659934275101222
 261.000000000000000   36.743205844546061
 262.000000000000000   36.825837081429199
 263.000000000000000   36.907832668140564
 264.000000000000000   36.989204364196411
 265.000000000000000   37.069941560615241
 266.000000000000000   37.150069757775903
 267.000000000000000   37.229600773686535
 268.000000000000000   37.308492265108356
 269.000000000000000   37.386788818879815
 270.000000000000000   37.464502102011267
 271.000000000000000   37.541641639892440
 272.000000000000000   37.618186386052656
 273.000000000000000   37.694140139707294
 274.000000000000000   37.769529400760014
 275.000000000000000   37.844365194375222
 276.000000000000000   37.918635557098504
 277.000000000000000   37.992329791297031
 278.000000000000000   38.065486990645795
 279.000000000000000   38.138107275592603
 280.000000000000000   38.210186339103664
 281.000000000000000   38.281707823820433
 282.000000000000000   38.352727622287873
 283.000000000000000   38.423198629369303
 284.000000000000000   38.493165318961900
 285.000000000000000   38.562634744846171
 286.000000000000000   38.631543873332909
 287.000000000000000   38.699962874970865
 288.000000000000000   38.767919737069526
 289.000000000000000   38.835366525033109
 290.000000000000000   38.902296896740076
 291.000000000000000   38.968761167568694
 292.000000000000000   39.034728702803690
 293.000000000000000   39.100227675823923
 294.000000000000000   39.165250444538678
 295.000000000000000   39.229826132122504
 296.000000000000000   39.293936539996601
 297.000000000000000   39.357562453428571
 298.000000000000000   39.420704734979736
 299.000000000000000   39.483451644301290
 300.000000000000000   39.545756945121489
 301.000000000000000   39.607598999554291
 302.000000000000000   39.669031265377619
 303.000000000000000   39.729971001455745
 304.000000000000000   39.790507315860438
 305.000000000000000   39.850637001332920
 306.000000000000000   39.910340560778621
 307.000000000000000   39.969621066984651
 308.000000000000000   40.028485777443400
 309.000000000000000   40.086944627837511
 310.000000000000000   40.144957707394710
 311.000000000000000   40.202644603394504
 312.000000000000000   40.259912495534962
 313.000000000000000   40.316700297947826
 314.000000000000000   40.373201611061845
 315.000000000000000   40.429307374118665
 316.000000000000000   40.485002019401854
 317.000000000000000   40.540311899199310
 318.000000000000000   40.595213968865195
 319.000000000000000   40.649783107616798
 320.000000000000000   40.703986488078804
 321.000000000000000   40.757880863386902
 322.000000000000000   40.811339672530757
 323.000000000000000   40.864429091100014
 324.000000000000000   40.917246540888968
 325.000000000000000   40.969556688488346
 326.000000000000000   41.021658379692475
 327.000000000000000   41.073384365801921
 328.000000000000000   41.124655986578475
 329.000000000000000   41.175767365147024
 330.000000000000000   41.226521255865620
 331.000000000000000   41.276806987310302
 332.000000000000000   41.326798276465539
 333.000000000000000   41.376602159356814
 334.000000000000000   41.425960291413070
 335.000000000000000   41.474962031233062
 336.000000000000000   41.523743736852900
 337.000000000000000   41.572167430832017
 338.000000000000000   41.620253314509156
 339.000000000000000   41.668092804405994
 340.000000000000000   41.715710712129571
 341.000000000000000   41.762854644914654
 342.000000000000000   41.809671213259840
 343.000000000000000   41.856355068130036
 344.000000000000000   41.902631703842175
 345.000000000000000   41.948641532290253
 346.000000000000000   41.994414976595756
 347.000000000000000   42.039878129230367
 348.000000000000000   42.084975042082966
 349.000000000000000   42.129919961996166
 350.000000000000000   42.174535590920712
 351.000000000000000   42.218679026379696
 352.000000000000000   42.262817475882429
 353.000000000000000   42.306576270889771
 354.000000000000000   42.350118056812782
 355.000000000000000   42.393401349463765
 356.000000000000000   42.436305359419109
 357.000000000000000   42.479072529201268
 358.000000000000000   42.521516293603014
 359.000000000000000   42.563781776876247
 360.000000000000000   42.605807485659405
 361.000000000000000   42.647425958133994
 362.000000000000000   42.688832714364672
 363.000000000000000   42.729979749843459
 364.000000000000000   42.771015895077170
 365.000000000000000   42.811727516598978
 366.000000000000000   42.852130575598331
 367.000000000000000   42.892416469500134
 368.000000000000000   42.932468717891958
 369.000000000000000   42.972217924567666
 370.000000000000000   43.011741126926310
 371.000000000000000   43.051096910924471
 372.000000000000000   43.090112860002250
 373.000000000000000   43.128969198789449
 374.000000000000000   43.167619479378388
 375.000000000000000   43.206018374409332
 376.000000000000000   43.244219241266634
 377.000000000000000   43.282111768472646
 378.000000000000000   43.320022347118510
 379.000000000000000   43.357507929398913
 380.000000000000000   43.394708074733465
 381.000000000000000   43.431983981164535
 382.000000000000000   43.468801302779688
 383.000000000000000   43.505541635131436
 384.000000000000000   43.542100717728083
 385.000000000000000   43.578336488713489
 386.000000000000000   43.614410626226480
 387.000000000000000   43.650301337255037
 388.000000000000000   43.686142928874716
 389.000000000000000   43.721514359664475
 390.000000000000000   43.756796115067104
 391.000000000000000   43.792104741557530
 392.000000000000000   43.827008856563573
 393.000000000000000   43.861712656327576
 394.000000000000000   43.896208491105526
 395.000000000000000   43.930676791419053
 396.000000000000000   43.964918779022803
 397.000000000000000   43.998827468613484
 398.000000000000000   44.032605013392320
 399.000000000000000   44.066369959099625
 400.000000000000000   44.099900343989823
 401.000000000000000   44.133157088266934
 402.000000000000000   44.166222738486837
 403.000000000000000   44.199137442622686
 404.000000000000000   44.232068494522863
 405.000000000000000   44.264799743161717
 406.000000000000000   44.296932522913920
 407.000000000000000   44.329124280210685
 408.000000000000000   44.361476700670558
 409.000000000000000   44.393500637348019
 410.000000000000000   44.425366432582202
 411.000000000000000   44.457061625735420
 412.000000000000000   44.488192097030357
 413.000000000000000   44.519488376170365
 414.000000000000000   44.550991186330663
 415.000000000000000   44.582032211213587
 416.000000000000000   44.612613197478581
 417.000000000000000   44.643285488200839
 418.000000000000000   44.674086334117952
 419.000000000000000   44.704269589783181
 420.000000000000000   44.734570234295063
 421.000000000000000   44.764782757052799
 422.000000000000000   44.794687761510275
 423.000000000000000   44.824607299660080
 424.000000000000000   44.854264373617028
 425.000000000000000   44.883720330232940
 426.000000000000000   44.913317798976749
 427.000000000000000   44.942413634777118
 428.000000000000000   44.971455937861116
 429.000000000000000   45.000676642728898
 430.000000000000000   45.029360020738032
 431.000000000000000   45.058151252491335
 432.000000000000000   45.086612386481690
 433.000000000000000   45.115073723481558
 434.000000000000000   45.143463954495388
 435.000000000000000   45.171568943679894
 436.000000000000000   45.199958830452672
 437.000000000000000   45.227621637627458
 438.000000000000000   45.255116342392952
 439.000000000000000   45.283138477958786
 440.000000000000000   45.310764481918838
 441.000000000000000   45.338262710925797
 442.000000000000000   45.365647511554478
 443.000000000000000   45.392687748509992
 444.000000000000000   45.419667757085428
 445.000000000000000   45.446644053812435
 446.000000000000000   45.473686247348013
 447.000000000000000   45.500473640952393
 448.000000000000000   45.526859752615934
 449.000000000000000   45.553224317724542
 450.000000000000000   45.579745655238170
 451.000000000000000   45.606154223954057
 452.000000000000000   45.632264014570175
 453.000000000000000   45.658434479814602
 454.000000000000000   45.684346460096542
 455.000000000000000   45.710069649105336
 456.000000000000000   45.735915585003951
 457.000000000000000   45.761311335577410
 458.000000000000000   45.786759972606326
 459.000000000000000   45.812205055229477
 460.000000000000000   45.837583777553796
 461.000000000000000   45.863067873977002
 462.000000000000000   45.887990029225648
 463.000000000000000   45.912703747628498
 464.000000000000000   45.937877616456738
 465.000000000000000   45.962873669008644
 466.000000000000000   45.987395903379465
 467.000000000000000   46.011884001940103
 468.000000000000000   46.036272635358067
 469.000000000000000   46.060895270350962
 470.000000000000000   46.085488921997907
 471.000000000000000   46.109520091162778
 472.000000000000000   46.133375238752841
 473.000000000000000   46.157378463796690
 474.000000000000000   46.181617776250405
 475.000000000000000   46.205364383570725
 476.000000000000000   46.228905436388253
 477.000000000000000   46.252872518388799
 478.000000000000000   46.276594561799783
 479.000000000000000   46.300011104890700
 480.000000000000000   46.323276495957209
 481.000000000000000   46.346483517595267
 482.000000000000000   46.369802675881843
 483.000000000000000   46.393026684253186
 484.000000000000000   46.416138338877388
 485.000000000000000   46.439043545670323
 486.000000000000000   46.461942326050561
 487.000000000000000   46.484968071019729
 488.000000000000000   46.507619736758599
 489.000000000000000   46.529946535351762
 490.000000000000000   46.552727104538171
 491.000000000000000   46.575345897159821
 492.000000000000000   46.597581166998808
 493.000000000000000   46.620264577371287
 494.000000000000000   46.642406234946080
 495.000000000000000   46.664430782129330
 496.000000000000000   46.686626678731088
 497.000000000000000   46.708643507515880
 498.000000000000000   46.730589047072264
 499.000000000000000   46.752396598911140
 500.000000000000000   46.774395598532891
 501.000000000000000   46.796284804042791
 502.000000000000000   46.817883635750917
 503.000000000000000   46.839401103294726
 504.000000000000000   46.860898536592437
 505.000000000000000   46.882304063172910
 506.000000000000000   46.903690584848810
 507.000000000000000   46.925159491243150
 508.000000000000000   46.946306040233566
 509.000000000000000   46.967699564020826
 510.000000000000000   46.988850059561130
 511.000000000000000   47.009598594156202
 512.000000000000000   47.030725558961393
 513.000000000000000   47.051862615391684
 514.000000000000000   47.072623065539943
 515.000000000000000   47.093089691510578
 516.000000000000000   47.114091323524875
 517.000000000000000   47.134750905675652
 518.000000000000000   47.155248353737001
 519.000000000000000   47.176121339751880
 520.000000000000000   47.196434109612831
 521.000000000000000   47.216739140036175
 522.000000000000000   47.237235523909256
 523.000000000000000   47.257601920427518
 524.000000000000000   47.277680570476207
 525.000000000000000   47.297826500739369
 526.000000000000000   47.318280911998528
 527.000000000000000   47.338247509236830
 528.000000000000000   47.357899881270093
 529.000000000000000   47.378111291448370
 530.000000000000000   47.398234740073157
 531.000000000000000   47.417990334784363
 532.000000000000000   47.437701569577385
 533.000000000000000   47.457196443939942
 534.000000000000000   47.477210859884430
 535.000000000000000   47.496919703819700
 536.000000000000000   47.516363779667103
 537.000000000000000   47.535773510432556
 538.000000000000000   47.555143368033043
 539.000000000000000   47.574958238690755
 540.000000000000000   47.594430311187637
 541.000000000000000   47.613390225445727
 542.000000000000000   47.632651418002496
 543.000000000000000   47.651835026320917
 544.000000000000000   47.670888845425807
 545.000000000000000   47.690473285319626
 546.000000000000000   47.709621663475922
 547.000000000000000   47.728245478389290
 548.000000000000000   47.747031568682203
 549.000000000000000   47.765986171595188
 550.000000000000000   47.785385413401102
 551.000000000000000   47.804085618050159
 552.000000000000000   47.822593433548725
 553.000000000000000   47.841543318901742
 554.000000000000000   47.860222515773209
 555.000000000000000   47.878930011995649
 556.000000000000000   47.897230528098831
 557.000000000000000   47.916196945632230
 558.000000000000000   47.935071449706641
 559.000000000000000   47.952936790120717
 560.000000000000000   47.971462952134182
 561.000000000000000   47.990002683667605
 562.000000000000000   48.008268612892508
 563.000000000000000   48.026520824037817
 564.000000000000000   48.044685539217575
 565.000000000000000   48.063102648608833
 566.000000000000000   48.081136145350321
 567.000000000000000   48.099303136494605
 568.000000000000000   48.117916454485048
 569.000000000000000   48.136257828793937
 570.000000000000000   48.153661989895703
 571.000000000000000   48.171295957487928
 572.000000000000000   48.189193579493498
 573.000000000000000   48.207429748856406
 574.000000000000000   48.225803186049475
 575.000000000000000   48.243444742312768
 576.000000000000000   48.260546997031007
 577.000000000000000   48.278441994868182
 578.000000000000000   48.296645335968790
 579.000000000000000   48.314190467328594
 580.000000000000000   48.331666150492026
 581.000000000000000   48.349809496400127
 582.000000000000000   48.367740859797593
 583.000000000000000   48.384380964313216
 584.000000000000000   48.402216168578597
 585.000000000000000   48.419627067746198
 586.000000000000000   48.436817173891498
 587.000000000000000   48.454749112208368
 588.000000000000000   48.472003541211379
 589.000000000000000   48.489010236371897
 590.000000000000000   48.505892406118498
 591.000000000000000   48.524239915036851
 592.000000000000000   48.541986103263326
 593.000000000000000   48.558506340979598
 594.000000000000000   48.574989986093513
 595.000000000000000   48.592587203917468
 596.000000000000000   48.610140218723672
 597.000000000000000   48.626843533394272
 598.000000000000000   48.644019360547667
 599.000000000000000   48.661297192831881
 600.000000000000000   48.678596466760048
 601.000000000000000   48.694808605318300
 602.000000000000000   48.711504374557300
 603.000000000000000   48.728788931348724
 604.000000000000000   48.745685013542236
 605.000000000000000   48.762898353900304
 606.000000000000000   48.780065157248472
 607.000000000000000   48.796615634842588
 608.000000000000000   48.813064493252838
 609.000000000000000   48.830171566709481
 610.000000000000000   48.847038091333864
 611.000000000000000   48.862558247306055
 612.000000000000000   48.879308856488308
 613.000000000000000   48.896846960805050
 614.000000000000000   48.913507366205934
 615.000000000000000   48.930053909186526
 616.000000000000000   48.946869967072622
 617.000000000000000   48.962956933017985
 618.000000000000000   48.979189432364919
 619.000000000000000   48.995662079119121
 620.000000000000000   49.012055063949603
 621.000000000000000   49.029016402544521
 622.000000000000000   49.046408727486217
 623.000000000000000   49.061800964986816
 624.000000000000000   49.077831902259405
 625.000000000000000   49.094526009009009
 626.000000000000000   49.110836521640572
 627.000000000000000   49.127320734893495
 628.000000000000000   49.143617958298456
 629.000000000000000   49.159576620365094
 630.000000000000000   49.175232047837369
 631.000000000000000   49.192112503209096
 632.000000000000000   49.208745527373694
 633.000000000000000   49.225328741869056
 634.000000000000000   49.240465627987611
 635.000000000000000   49.256271474174689
 636.000000000000000   49.273063989250005
 637.000000000000000   49.288614473900381
 638.000000000000000   49.304903046480668
 639.000000000000000   49.321919434332365
 640.000000000000000   49.337242349940155
 641.000000000000000   49.352517905858782
 642.000000000000000   49.369472245444840
 643.000000000000000   49.385829387791254
 644.000000000000000   49.401186983288042
 645.000000000000000   49.416925147855679
 646.000000000000000   49.432275221200975
 647.000000000000000   49.448846552603641
 648.000000000000000   49.464410067577717
 649.000000000000000   49.480438279714001
 650.000000000000000   49.496433526087920
 651.000000000000000   49.512321292386815
 652.000000000000000   49.527949855698942
 653.000000000000000   49.544347771091225
 654.000000000000000   49.559949161462022
 655.000000000000000   49.573553404194605
 656.000000000000000   49.591362983328608
 657.000000000000000   49.606772959654563
 658.000000000000000   49.622105503868667
 659.000000000000000   49.638543459896717
 660.000000000000000   49.653120398377297
 661.000000000000000   49.669203404262397
 662.000000000000000   49.684957230295183
 663.000000000000000   49.700850251655893
 664.000000000000000   49.717083531565130
 665.000000000000000   49.731167081354009
 666.000000000000000   49.746621197592759
 667.000000000000000   49.763454272031005
 668.000000000000000   49.777609975355404
 669.000000000000000   49.793061193705327
 670.000000000000000   49.810792739199336
 671.000000000000000   49.825732241907417
 672.000000000000000   49.839649485022697
 673.000000000000000   49.855264722259619
 674.000000000000000   49.871736006308211
 675.000000000000000   49.886438054240415
 676.000000000000000   49.901180504671629
 677.000000000000000   49.916811900485342
 678.000000000000000   49.932649757616069
 679.000000000000000   49.948905219596199
 680.000000000000000   49.963736948610070
 681.000000000000000   49.978951998849986
 682.000000000000000   49.994069200972810
 683.000000000000000   50.010145512624113
 684.000000000000000   50.025925979292317
 685.000000000000000   50.039190151500044
 686.000000000000000   50.054436766173325
 687.000000000000000   50.070407553401530
 688.000000000000000   50.086911741387972
 689.000000000000000   50.102193938948382
 690.000000000000000   50.114644509104110
 691.000000000000000   50.130655694240922
 692.000000000000000   50.147476812486367
 693.000000000000000   50.162110987027262
 694.000000000000000   50.177334903413730
 695.000000000000000   50.191584592057573
 696.000000000000000   50.207351576675258
 697.000000000000000   50.222771692651115
 698.000000000000000   50.237425589511140
 699.000000000000000   50.253100757320432
 700.000000000000000   50.267537777768979
 701.000000000000000   50.281845204664542
 702.000000000000000   50.297096010950327
 703.000000000000000   50.312772277226507
 704.000000000000000   50.328813423543963
 705.000000000000000   50.343112402548691
 706.000000000000000   50.357506175363163
 707.000000000000000   50.373339733188025
 708.000000000000000   50.388155462514639
 709.000000000000000   50.403322791474885
 710.000000000000000   50.417659032936932
 711.000000000000000   50.433125328744609
 712.000000000000000   50.448020682712119
 713.000000000000000   50.462944553521517
 714.000000000000000   50.479178062492913
 715.000000000000000   50.493260351336573
 716.000000000000000   50.506150883238462
 717.000000000000000   50.522402159785102
 718.000000000000000   50.537447558729447
 719.000000000000000   50.551861342380164
 720.000000000000000   50.567902332445527
 721.000000000000000   50.582878355169285
 722.000000000000000   50.596854002751734
 723.000000000000000   50.612306752980402
 724.000000000000000   50.625789771989922
 725.000000000000000   50.639798318494577
 726.000000000000000   50.657628801573374
 727.000000000000000   50.672205878504144
 728.000000000000000   50.684939480814599
 729.000000000000000   50.699760028151317
 730.000000000000000   50.716534662258034
 731.000000000000000   50.730672840993208
 732.000000000000000   50.745127980949057
 733.000000000000000   50.759988343688285
 734.000000000000000   50.774632981473388
 735.000000000000000   50.788026148005763
 736.000000000000000   50.804291344359491
 737.000000000000000   50.819786039282135
 738.000000000000000   50.832481351715948
 739.000000000000000   50.847965330760445
 740.000000000000000   50.863669595244964
 741.000000000000000   50.878279466470254
 742.000000000000000   50.891884972008285
 743.000000000000000   50.907467756434684
 744.000000000000000   50.921701432789192
 745.000000000000000   50.936092824401364
 746.000000000000000   50.950624469157390
 747.000000000000000   50.965974551865706
 748.000000000000000   50.980742758986992
 749.000000000000000   50.992627186770598
 750.000000000000000   51.009297510336893
 751.000000000000000   51.024381020330040
 752.000000000000000   51.038715580071411
 753.000000000000000   51.052555724570851
 754.000000000000000   51.066587974819896
 755.000000000000000   51.084628273894893
 756.000000000000000   51.096633537729254
 757.000000000000000   51.109216777246139
 758.000000000000000   51.126003218303794
 759.000000000000000   51.140217350944610
 760.000000000000000   51.154592495761356
 761.000000000000000   51.172062645963202
 762.000000000000000   51.185265727179065
 763.000000000000000   51.196056501367579
 764.000000000000000   51.213179709843047
 765.000000000000000   51.228738624220448
 766.000000000000000   51.243097096750169
 767.000000000000000   51.256988809023667
 768.000000000000000   51.270893989852439
 769.000000000000000   51.284776637213575
 770.000000000000000   51.299573433122937
 771.000000000000000   51.315327906146727
 772.000000000000000   51.327582239935310
 773.000000000000000   51.342352630775636
 774.000000000000000   51.359243573524545
 775.000000000000000   51.371651223263235
 776.000000000000000   51.386695534934240
 777.000000000000000   51.401174127948671
 778.000000000000000   51.414490540344289
 779.000000000000000   51.430603973768655
 780.000000000000000   51.444883036228539
 781.000000000000000   51.459013195308174
 782.000000000000000   51.471793489757317
 783.000000000000000   51.488140831556059
 784.000000000000000   51.500755641010528
 785.000000000000000   51.514733419948499
 786.000000000000000   51.531098996851895
 787.000000000000000   51.543358980214961
 788.000000000000000   51.558223637149837
 789.000000000000000   51.577141424465303
 790.000000000000000   51.588976735164259
 791.000000000000000   51.599692689365746
 792.000000000000000   51.616777255412757
 793.000000000000000   51.630084556693447
 794.000000000000000   51.645259972645178
 795.000000000000000   51.658391999937294
 796.000000000000000   51.672135329733088
 797.000000000000000   51.687310747478307
 798.000000000000000   51.702073779045044
 799.000000000000000   51.718776093192119
 800.000000000000000   51.731290249104809
 801.000000000000000   51.744461685092681
 802.000000000000000   51.757203771376183
 803.000000000000000   51.773506924675026
 804.000000000000000   51.790535411547481
 805.000000000000000   51.800391410501767
 806.000000000000000   51.813490404082657
 807.000000000000000   51.833202033587391
 808.000000000000000   51.843338416198392
 809.000000000000000   51.855904532335650
 810.000000000000000   51.874032482204193
 811.000000000000000   51.885701569236183
 812.000000000000000   51.899453064032592
 813.000000000000000   51.915939162223374
 814.000000000000000   51.931342973541490
 815.000000000000000   51.941976000210651
 816.000000000000000   51.955310144386388
 817.000000000000000   51.974285248171157
 818.000000000000000   51.988378427186568
 819.000000000000000   51.998935162907813
 820.000000000000000   52.015490936812583
 821.000000000000000   52.030224915348938
 822.000000000000000   52.040661661731761
 823.000000000000000   52.056671574073398
 824.000000000000000   52.069075600516584
 825.000000000000000   52.086130957332891
 826.000000000000000   52.100381170054717
 827.000000000000000   52.110117452514530
 828.000000000000000   52.130075878534790
 829.000000000000000   52.139635347852959
 830.000000000000000   52.151447219550661
 831.000000000000000   52.168817043784209
 832.000000000000000   52.183687313041531
 833.000000000000000   52.197981887759603
 834.000000000000000   52.213183277403637
 835.000000000000000   52.227563922045384
 836.000000000000000   52.236823874446280
 837.000000000000000   52.254170151716714
 838.000000000000000   52.266838025511589
 839.000000000000000   52.279236550974161
 840.000000000000000   52.295736551346259
 841.000000000000000   52.307522796435485
 842.000000000000000   52.322887177484617
 843.000000000000000   52.337383531886402
 844.000000000000000   52.353495705886999
 845.000000000000000   52.366013142658275
 846.000000000000000   52.379424870309386
 847.000000000000000   52.393110879588647
 848.000000000000000   52.403859467173938
 849.000000000000000   52.419526378786642
 850.000000000000000   52.434545089294360
 851.000000000000000   52.449413982482376
 852.000000000000000   52.464261731081521
 853.000000000000000   52.474838976421253
 854.000000000000000   52.489114318326315
 855.000000000000000   52.504723332853679
 856.000000000000000   52.516873062863915
 857.000000000000000   52.534733918164761
 858.000000000000000   52.546405602014154
 859.000000000000000   52.555943834409135
 860.000000000000000   52.574275855722497
 861.000000000000000   52.588890730137905
 862.000000000000000   52.599236235180939
 863.000000000000000   52.618928278642656
 864.000000000000000   52.628342056947389
 865.000000000000000   52.638247537502409
 866.000000000000000   52.657322440754236
 867.000000000000000   52.672297479831180
 868.000000000000000   52.687298185008054
 869.000000000000000   52.695514814584598
 870.000000000000000   52.708542173441302
 871.000000000000000   52.728209152312061
 872.000000000000000   52.740380767410159
 873.000000000000000   52.753256370907238
 874.000000000000000   52.767584119339332
 875.000000000000000   52.778264127371266
 876.000000000000000   52.794620335528926
 877.000000000000000   52.808033016066091
 878.000000000000000   52.819883862439234
 879.000000000000000   52.836317369251951
 880.000000000000000   52.848726349398333
 881.000000000000000   52.862622455174254
 882.000000000000000   52.876438356298763
 883.000000000000000   52.888055908944928
 884.000000000000000   52.903093500425967
 885.000000000000000   52.919515129139953
 886.000000000000000   52.930868310249224
 887.000000000000000   52.942492353864843
 888.000000000000000   52.960472785413906
 889.000000000000000   52.974377236546516
 890.000000000000000   52.982302948720232
 891.000000000000000   52.994047976152103
 892.000000000000000   53.014290104659345
 893.000000000000000   53.026540550789015
 894.000000000000000   53.039592009443517
 895.000000000000000   53.054147039139963
 896.000000000000000   53.066160763092888
 897.000000000000000   53.082413316075147
 898.000000000000000   53.095105410125051
 899.000000000000000   53.106877536315181
 900.000000000000000   53.123176158799993
 901.000000000000000   53.136679760078763
 902.000000000000000   53.146992985394363
 903.000000000000000   53.160588496243420
 904.000000000000000   53.174970468893214
 905.000000000000000   53.190791937164171
 906.000000000000000   53.202041630251742
 907.000000000000000   53.214224159498350
 908.000000000000000   53.228086324097269
 909.000000000000000   53.243041134645289
 910.000000000000000   53.256396977393635
 911.000000000000000   53.268321827759188
 912.000000000000000   53.285357916349170
 913.000000000000000   53.294592424532595
 914.000000000000000   53.311057077082260
 915.000000000000000   53.326223983466463
 916.000000000000000   53.333971232966121
 917.000000000000000   53.352895209192113
 918.000000000000000   53.363633429426741
 919.000000000000000   53.374032830620841
 920.000000000000000   53.387071571515818
 921.000000000000000   53.404651309862594
 922.000000000000000   53.420533232340915
 923.000000000000000   53.429341635277730
 924.000000000000000   53.444593057009833
 925.000000000000000   53.457102272736904
 926.000000000000000   53.466904939490846
 927.000000000000000   53.480575807277283
 928.000000000000000   53.498862756492962
 929.000000000000000   53.513526457093590
 930.000000000000000   53.521652359848986
 931.000000000000000   53.535072817032820
 932.000000000000000   53.549782000704482
 933.000000000000000   53.562185573515102
 934.000000000000000   53.579820286586013
 935.000000000000000   53.588393776752490
 936.000000000000000   53.597872423103070
 937.000000000000000   53.616279152912661
 938.000000000000000   53.629246071064351
 939.000000000000000   53.641728155370224
 940.000000000000000   53.657851322261777
 941.000000000000000   53.671368376376186
 942.000000000000000   53.681736145441164
 943.000000000000000   53.690284869116574
 944.000000000000000   53.705146674181343
 945.000000000000000   53.723053711440109
 946.000000000000000   53.734508375314213
 947.000000000000000   53.745457215376462
 948.000000000000000   53.761719160012987
 949.000000000000000   53.775413437181399
 950.000000000000000   53.783732767998224
 951.000000000000000   53.799745972545715
 952.000000000000000   53.814835765984952
 953.000000000000000   53.822303410802554
 954.000000000000000   53.840991567861167
 955.000000000000000   53.852627298531907
 956.000000000000000   53.859725444023908
 957.000000000000000   53.878865368503995
 958.000000000000000   53.894187380319906
 959.000000000000000   53.903120348188594
 960.000000000000000   53.913885563982191
 961.000000000000000   53.929125894513774
 962.000000000000000   53.942504063705123
 963.000000000000000   53.954796063243165
 964.000000000000000   53.968892089907108
 965.000000000000000   53.981345754798753
 966.000000000000000   53.990091600148233
 967.000000000000000   54.008946194304983
 968.000000000000000   54.021469695890680
 969.000000000000000   54.028697263313951
 970.000000000000000   54.050331605281905
 971.000000000000000   54.057942678628031
 972.000000000000000   54.066977932111101
 973.000000000000000   54.086833588988206
 974.000000000000000   54.095391067607451
 975.000000000000000   54.110608912104624
 976.000000000000000   54.121642882273697
 977.000000000000000   54.131842013214936
 978.000000000000000   54.149881164163389
 979.000000000000000   54.161832815560928
 980.000000000000000   54.175070708429935
 981.000000000000000   54.185572601866014
 982.000000000000000   54.196706614991626
 983.000000000000000   54.209645492481961
 984.000000000000000   54.221312109380378
 985.000000000000000   54.237250393781949
 986.000000000000000   54.248219844372983
 987.000000000000000   54.259326594651469
 988.000000000000000   54.274644936705570
 989.000000000000000   54.285654243813198
 990.000000000000000   54.299054567017940
 991.000000000000000   54.317097054657268
 992.000000000000000   54.325703359988651
 993.000000000000000   54.333788698321285
 994.000000000000000   54.348437538262189
 995.000000000000000   54.362893046966285
 996.000000000000000   54.376830812216312
 997.000000000000000   54.386000507540437
 998.000000000000000   54.399813022933117
 999.000000000000000   54.413703037339353
1000.000000000000000   54.420939517590369
1001.000000000000000   54.433980911276016
1002.000000000000000   54.454467695340348
1003.000000000000000   54.468672862548182
1004.000000000000000   54.472651042410810
1005.000000000000000   54.485271086855406
1006.000000000000000   54.498708893864404
1007.000000000000000   54.511724914077590
1008.000000000000000   54.522528122203198
1009.000000000000000   54.530933965898960
1010.000000000000000   54.550072649926030
1011.000000000000000   54.564343395745766
1012.000000000000000   54.573544393504058
1013.000000000000000   54.585861355495666
1014.000000000000000   54.598673746068030
1015.000000000000000   54.611698331112088
1016.000000000000000   54.622137153628152
1017.000000000000000   54.630324543331803
1018.000000000000000   54.654861164788549
1019.000000000000000   54.660438456578170
1020.000000000000000   54.663823002579939
1021.000000000000000   54.689041155210646
1022.000000000000000   54.693471508057065
1023.000000000000000   54.702453159322815
1024.000000000000000   54.722069177707006
1025.000000000000000   54.728853480755411
1026.000000000000000   54.743950535155030
1027.000000000000000   54.758905137205112
1028.000000000000000   54.763482839107226
1029.000000000000000   54.780428839898228
1030.000000000000000   54.795574913695020
1031.000000000000000   54.805326436704391
1032.000000000000000   54.815171047611919
1033.000000000000000   54.824541623992012
1034.000000000000000   54.838527697152784
1035.000000000000000   54.853744286222621
1036.000000000000000   54.868198242755071
1037.000000000000000   54.873289162363037
1038.000000000000000   54.883600920027099
1039.000000000000000   54.900420315349919
1040.000000000000000   54.914586604738545
1041.000000000000000   54.924465903523448
1042.000000000000000   54.933814729196037
1043.000000000000000   54.953105822040129
1044.000000000000000   54.959951698289416
1045.000000000000000   54.963122158678075
1046.000000000000000   54.981629501457363
1047.000000000000000   54.997610117301491
1048.000000000000000   55.006711854449961
1049.000000000000000   55.017942261681526
1050.000000000000000   55.028743647054647
1051.000000000000000   55.039391870627590
1052.000000000000000   55.052029129830601
1053.000000000000000   55.070800108453135
1054.000000000000000   55.086383661148290
1055.000000000000000   55.086750305176281
1056.000000000000000   55.096469393888817
1057.000000000000000   55.102031991712238
1058.000000000000000   55.121185000429051
1059.000000000000000   55.138024245122658
1060.000000000000000   55.146526349192357
1061.000000000000000   55.166302744436933
1062.000000000000000   55.169499978297821
1063.000000000000000   55.176499621669237
1064.000000000000000   55.191109453830954
1065.000000000000000   55.205251985393950
1066.000000000000000   55.218583311522494
1067.000000000000000   55.222189875143918
1068.000000000000000   55.239071480947771
1069.000000000000000   55.251768334968027
1070.000000000000000   55.262808605287518
1071.000000000000000   55.276999598604547
1072.000000000000000   55.278176027988387
1073.000000000000000   55.288330962981576
1074.000000000000000   55.304163852904637
1075.000000000000000   55.320643066143475
1076.000000000000000   55.332871966273160
1077.000000000000000   55.340054204867727
1078.000000000000000   55.353705899161874
1079.000000000000000   55.367403265592088
1080.000000000000000   55.374799723080770
1081.000000000000000   55.389314111933146
1082.000000000000000   55.389923283639327
1083.000000000000000   55.403482066657610
1084.000000000000000   55.425072793517877
1085.000000000000000   55.425469439530829
1086.000000000000000   55.440092414370440
1087.000000000000000   55.453944470376605
1088.000000000000000   55.460397160586993
1089.000000000000000   55.475431412726053
1090.000000000000000   55.484935788800428
1091.000000000000000   55.497727364429920
1092.000000000000000   55.510304919006067
1093.000000000000000   55.519646737387490
1094.000000000000000   55.531427798101582
1095.000000000000000   55.540666700128142
1096.000000000000000   55.547631113080158
1097.000000000000000   55.560001295107881
1098.000000000000000   55.576770096511922
1099.000000000000000   55.581460713034758
1100.000000000000000   55.597653042216898
1101.000000000000000   55.608859464353813
1102.000000000000000   55.614446949495388
1103.000000000000000   55.627046476830564
1104.000000000000000   55.639804212971512
1105.000000000000000   55.654521104448925
1106.000000000000000   55.658936085255007
1107.000000000000000   55.662888966706696
1108.000000000000000   55.679913583399895
1109.000000000000000   55.696282065025393
1110.000000000000000   55.703775518485649
1111.000000000000000   55.718147972385530
1112.000000000000000   55.716901540131516
1113.000000000000000   55.733218652613786
1114.000000000000000   55.757703475748443
1115.000000000000000   55.759819907941292
1116.000000000000000   55.762931224432329
1117.000000000000000   55.776321723273533
1118.000000000000000   55.798693584863926
1119.000000000000000   55.794136198996604
1120.000000000000000   55.809589806433607
1121.000000000000000   55.821586021069550
1122.000000000000000   55.829257186935131
1123.000000000000000   55.844473236137283
1124.000000000000000   55.843075447796785
1125.000000000000000   55.864647875930757
1126.000000000000000   55.872053366772541
1127.000000000000000   55.880234492425863
1128.000000000000000   55.893515728102635
1129.000000000000000   55.902756176663580
1130.000000000000000   55.912283313504595
1131.000000000000000   55.923331783980281
1132.000000000000000   55.939081807485771
1133.000000000000000   55.942654595916814
1134.000000000000000   55.954188766739954
1135.000000000000000   55.968166242366856
1136.000000000000000   55.973016807736897
1137.000000000000000   55.979924497246252
1138.000000000000000   55.993782892747511
1139.000000000000000   56.012179957346184
1140.000000000000000   56.018601474216133
1141.000000000000000   56.021790882004005
1142.000000000000000   56.036857473950143
1143.000000000000000   56.048794907882886
1144.000000000000000   56.053137229348046
1145.000000000000000   56.057109304694428
1146.000000000000000   56.069244174518907
1147.000000000000000   56.089403038417544
1148.000000000000000   56.098743956384013
1149.000000000000000   56.105525083676525
1150.000000000000000   56.119802256043073
1151.000000000000000   56.126458084736171
1152.000000000000000   56.134445659671385
1153.000000000000000   56.145788447107471
1154.000000000000000   56.154841865283451
1155.000000000000000   56.167466016488234
1156.000000000000000   56.183656600413116
1157.000000000000000   56.194790300627872
1158.000000000000000   56.192885713552165
1159.000000000000000   56.187310360263837
1160.000000000000000   56.209068003944488
1161.000000000000000   56.229157187538348
1162.000000000000000   56.225164493559134
1163.000000000000000   56.243197174351600
1164.000000000000000   56.256137886923881
1165.000000000000000   56.267502931705828
1166.000000000000000   56.279289232760959
1167.000000000000000   56.278722915624286
1168.000000000000000   56.282991336767658
1169.000000000000000   56.300862728611037
1170.000000000000000   56.319779325520614
1171.000000000000000   56.316849524571417
1172.000000000000000   56.317448756612720
1173.000000000000000   56.336205652384820
1174.000000000000000   56.354932648495108
1175.000000000000000   56.360169286293178
1176.000000000000000   56.366600238756455
1177.000000000000000   56.378736172237986
1178.000000000000000   56.390436409951398
1179.000000000000000   56.395774520039048
1180.000000000000000   56.401541667920249
1181.000000000000000   56.410231492345524
1182.000000000000000   56.422056722556881
1183.000000000000000   56.430600019118188
1184.000000000000000   56.439576223900559
1185.000000000000000   56.460797854060679
1186.000000000000000   56.463618027192126
1187.000000000000000   56.465253217078349
1188.000000000000000   56.471755306009790
1189.000000000000000   56.482572308309955
1190.000000000000000   56.499137338013128
1191.000000000000000   56.507984030098783
1192.000000000000000   56.520167341941523
1193.000000000000000   56.526348254583496
1194.000000000000000   56.528888512837760
1195.000000000000000   56.549328100847291
1196.000000000000000   56.550017188666473
1197.000000000000000   56.544328829898483
1198.000000000000000   56.574438641888456
1199.000000000000000   56.574650597087285
1200.000000000000000   56.590628095594688
