   0.000000000000000    0.000000000000000
   1.000000000000000   -0.000758153386797
   2.000000000000000   -0.000556906258466
   3.000000000000000   -0.003712470669406
   4.000000000000000   -0.002880944905772
   5.000000000000000   -0.009303346233612
   6.000000000000000   -0.009721609460351
   7.000000000000000   -0.010331255277743
   8.000000000000000   -0.015284861236143
   9.000000000000000   -0.018380004608450
  10.000000000000000   -0.016948525176679
  11.000000000000000   -0.019484377324049
  12.000000000000000   -0.027671134552830
  13.000000000000000   -0.017027831519177
  14.000000000000000   -0.026784288481070
  15.000000000000000   -0.021157454967515
  16.000000000000000   -0.018116886286688
  17.000000000000000   -0.020244886636884
  18.000000000000000   -0.019640290353557
  19.000000000000000    0.000002617051051
  20.000000000000000   -0.014064696165251
  21.000000000000000    0.003142191043750
  22.000000000000000    0.016721617224355
  23.000000000000000    0.009799228497583
  24.000000000000000    0.022415112087049
  25.000000000000000    0.045755216612174
  26.000000000000000    0.055385943933966
  27.000000000000000    0.067550460339719
  28.000000000000000    0.076214903903689
  29.000000000000000    0.111254408864583
  30.000000000000000    0.132843957923881
  31.000000000000000    0.137278921735104
  32.000000000000000    0.189712251012675
  33.000000000000000    0.201134451719786
  34.000000000000000    0.236600746588274
  35.000000000000000    0.287705052557353
  36.000000000000000    0.312888102634503
  37.000000000000000    0.358202041275155
  38.000000000000000    0.414324431290114
  39.000000000000000    0.449159153214160
  40.000000000000000    0.514033517366980
  41.000000000000000    0.596142814464271
  42.000000000000000    0.612400093507639
  43.000000000000000    0.720372991420081
  44.000000000000000    0.779402966741806
  45.000000000000000    0.872124037568472
  46.000000000000000    0.937234897960337
  47.000000000000000    1.014171037460938
  48.000000000000000    1.164158727015396
  49.000000000000000    1.185102078662984
  50.000000000000000    1.349408659787215
  51.000000000000000    1.422811932740209
  52.000000000000000    1.561106308851960
  53.000000000000000    1.636278953581228
  54.000000000000000    1.842213301426341
  55.000000000000000    1.872500039606604
  56.000000000000000    2.051846297230837
  57.000000000000000    2.196755025091426
  58.000000000000000    2.307601347033742
  59.000000000000000    2.513113684278206
  60.000000000000000    2.595825685315214
  61.000000000000000    2.767849072625056
  62.000000000000000    2.970826106152010
  63.000000000000000    3.114201131111650
  64.000000000000000    3.252032841750514
  65.000000000000000    3.467887778384823
  66.000000000000000    3.610085984633518
  67.000000000000000    3.795307300686667
  68.000000000000000    4.014096374292912
  69.000000000000000    4.167383267529478
  70.000000000000000    4.386083034411827
  71.000000000000000    4.541965263089974
  72.000000000000000    4.797539519232888
  73.000000000000000    4.904772924521120
  74.000000000000000    5.204275152645485
  75.000000000000000    5.412256566153638
  76.000000000000000    5.530391903605563
  77.000000000000000    5.809531272048547
  78.000000000000000    6.042148300174227
  79.000000000000000    6.206851791637741
  80.000000000000000    6.462322719546708
  81.000000000000000    6.686401506824899
  82.000000000000000    6.875049609771214
  83.000000000000000    7.133153990770263
  84.000000000000000    7.370272017604141
  85.000000000000000    7.545866127805729
  86.000000000000000    7.851739690634500
  87.000000000000000    8.024059891101613
  88.000000000000000    8.295678096832763
  89.000000000000000    8.482553077736762
  90.000000000000000    8.788936812073095
  91.000000000000000    9.029670372975991
  92.000000000000000    9.133637632813956
  93.000000000000000    9.524995474634693
  94.000000000000000    9.688112404189278
  95.000000000000000    9.973726003010624
  96.000000000000000   10.200689636602313
  97.000000000000000   10.415520991514969
  98.000000000000000   10.693216706992667
  99.000000000000000   10.864721673467891
 100.000000000000000   11.227241691582961
 101.000000000000000   11.398420723509531
 102.000000000000000   11.616450631104575
 103.000000000000000   11.934133715208811
 104.000000000000000   12.168118736253554
 105.000000000000000   12.353676419458935
 106.000000000000000   12.624078638979849
 107.000000000000000   12.872340469908027
 108.000000000000000   13.159152309620787
 109.000000000000000   13.289453879815682
 110.000000000000000   13.656908992480973
 111.000000000000000   13.820385905854963
 112.000000000000000   14.083519451310504
 113.000000000000000   14.321581590889949
 114.000000000000000   14.589252371482784
 115.000000000000000   14.761477139093843
 116.000000000000000   15.093290898423493
 117.000000000000000   15.298967822223055
 118.000000000000000   15.488053318101954
 119.000000000000000   15.815835315815550
 120.000000000000000   15.980032936010611
 121.000000000000000   16.236592274810288
 122.000000000000000   16.460224990532677
 123.000000000000000   16.711029967826001
 124.000000000000000   16.911673058832630
 125.000000000000000   17.183772983498212
 126.000000000000000   17.413365204555916
 127.000000000000000   17.614008628208808
 128.000000000000000   17.879969646385739
 129.000000000000000   18.086159280911062
 130.000000000000000   18.297096341767006
 131.000000000000000   18.555130685462256
 132.000000000000000   18.811928522160898
 133.000000000000000   18.940389671004954
 134.000000000000000   19.214021874353168
 135.000000000000000   19.457750345030810
 136.000000000000000   19.604686940171558
 137.000000000000000   19.896454483528661
 138.000000000000000   20.093226105440767
 139.000000000000000   20.329637757117514
 140.000000000000000   20.484662570872981
 141.000000000000000   20.756559388938562
 142.000000000000000   20.947551384374925
 143.000000000000000   21.137517332495111
 144.000000000000000   21.402473915248741
 145.000000000000000   21.566966534015929
 146.000000000000000   21.749590365706130
 147.000000000000000   22.052178412036124
 148.000000000000000   22.173288940314858
 149.000000000000000   22.396822310377665
 150.000000000000000   22.578376309452690
 151.000000000000000   22.811018736210439
 152.000000000000000   23.017311721672591
 153.000000000000000   23.191462384367846
 154.000000000000000   23.382724196997902
 155.000000000000000   23.609294665184706
 156.000000000000000   23.797080359772892
 157.000000000000000   23.953513693187116
 158.000000000000000   24.190949068352484
 159.000000000000000   24.364761509457921
 160.000000000000000   24.554263987048259
 161.000000000000000   24.707201047974220
 162.000000000000000   24.933001161465384
 163.000000000000000   25.132606540102287
 164.000000000000000   25.263886120558578
 165.000000000000000   25.473854376469479
 166.000000000000000   25.671442501652372
 167.000000000000000   25.802722247000528
 168.000000000000000   26.055774332053755
 169.000000000000000   26.176159772423514
 170.000000000000000   26.370552398127462
 171.000000000000000   26.499047605830857
 172.000000000000000   26.761001962426910
 173.000000000000000   26.844620209701578
 174.000000000000000   27.098764904736203
 175.000000000000000   27.178673139833858
 176.000000000000000   27.410096613772165
 177.000000000000000   27.552747033116152
 178.000000000000000   27.738668802270141
 179.000000000000000   27.897588469158702
 180.000000000000000   28.041757710560653
 181.000000000000000   28.209721681849992
 182.000000000000000   28.348466716664440
 183.000000000000000   28.561796324616374
 184.000000000000000   28.675588271415755
 185.000000000000000   28.825383690760511
 186.000000000000000   29.043899987908546
 187.000000000000000   29.126367013141632
 188.000000000000000   29.375203510472410
 189.000000000000000   29.401139011566379
 190.000000000000000   29.605919911129742
 191.000000000000000   29.803918581806411
 192.000000000000000   29.888505333526176
 193.000000000000000   30.063163662337558
 194.000000000000000   30.198554780838155
 195.000000000000000   30.352601705405476
 196.000000000000000   30.494935280076110
 197.000000000000000   30.659109590201499
 198.000000000000000   30.780605794326341
 199.000000000000000   30.878288567992598
 200.000000000000000   31.087812990822052
 201.000000000000000   31.181754908300597
 202.000000000000000   31.378270145751252
 203.000000000000000   31.407062184641831
 204.000000000000000   31.643577511860759
 205.000000000000000   31.762467589882995
 206.000000000000000   31.854745274020043
 207.000000000000000   31.968583787593538
 208.000000000000000   32.175172300511015
 209.000000000000000   32.253616217701655
 210.000000000000000   32.478545400530045
 211.000000000000000   32.405168325601899
 212.000000000000000   32.718221795390797
 213.000000000000000   32.769250869464067
 214.000000000000000   32.902861081914644
 215.000000000000000   33.014195038531881
 216.000000000000000   33.171476989942732
 217.000000000000000   33.279520527919217
 218.000000000000000   33.382587630537657
 219.000000000000000   33.537990097223727
 220.000000000000000   33.617444117974202
 221.000000000000000   33.753865701920539
 222.000000000000000   33.846904366815579
 223.000000000000000   34.038923684674906
 224.000000000000000   34.076753206459017
 225.000000000000000   34.209400970649263
 226.000000000000000   34.372205363474485
 227.000000000000000   34.466336102229931
 228.000000000000000   34.492759474400991
 229.000000000000000   34.728672898494679
 230.000000000000000   34.761872472866237
 231.000000000000000   34.861131845390325
 232.000000000000000   35.033309339232510
 233.000000000000000   35.091565371667294
 234.000000000000000   35.256793635292127
 235.000000000000000   35.289660585196202
 236.000000000000000   35.448323092178981
 237.000000000000000   35.501773490966748
 238.000000000000000   35.638281419016614
 239.000000000000000   35.807056447579640
 240.000000000000000   35.797812556871712
 241.000000000000000   35.972906940216163
 242.000000000000000   36.015083053172745
 243.000000000000000   36.160322401963562
 244.000000000000000   36.247714252222259
 245.000000000000000   36.364711981356528
 246.000000000000000   36.426167564656161
 247.000000000000000   36.584293017628582
 248.000000000000000   36.589512438245229
 249.000000000000000   36.739880811085591
 250.000000000000000   36.881533175666988
 251.000000000000000   36.846959495012030
 252.000000000000000   37.075993940940741
 253.000000000000000   37.097789815681693
 254.000000000000000   37.213095288631131
 255.000000000000000   37.284612841919703
 256.000000000000000   37.416615198258150
 257.000000000000000   37.463786283325561
 258.000000000000000   37.562306800835429
 259.000000000000000   37.669513391543198
 260.000000000000000   37.742498694199448
 261.000000000000000   37.837233703374004
 262.000000000000000   37.918064543683812
 263.000000000000000   38.008526629434996
 264.000000000000000   38.098139547697478
 265.000000000000000   38.212208639289379
 266.000000000000000   38.203868293979419
 267.000000000000000   38.365815059055784
 268.000000000000000   38.483377570857826
 269.000000000000000   38.513463441055634
 270.000000000000000   38.616530237510084
 271.000000000000000   38.602415953100270
 272.000000000000000   38.843007358969629
 273.000000000000000   38.801714758837612
 274.000000000000000   38.978213487208613
 275.000000000000000   38.900846779452756
 276.000000000000000   39.155624708915653
 277.000000000000000   39.172736589236166
 278.000000000000000   39.253885642758114
 279.000000000000000   39.242727522660246
 280.000000000000000   39.451128165931202
 281.000000000000000   39.483122934189822
 282.000000000000000   39.482197380309906
 283.000000000000000   39.728641465368021
 284.000000000000000   39.587996983832490
 285.000000000000000   39.803091263056857
 286.000000000000000   39.925376244650970
 287.000000000000000   39.925702321925272
 288.000000000000000   39.850927488856044
 289.000000000000000   40.169306490221132
 290.000000000000000   40.098263050944958
 291.000000000000000   40.223120293953748
 292.000000000000000   40.341332999595771
 293.000000000000000   40.269165564848876
 294.000000000000000   40.515354233069800
 295.000000000000000   40.374742516359895
 296.000000000000000   40.627789532814489
 297.000000000000000   40.581557149328212
 298.000000000000000   40.875611966136468
 299.000000000000000   40.562568422844926
 300.000000000000000   40.971382083541016
 301.000000000000000   40.757679574829510
 302.000000000000000   41.019751496954278
 303.000000000000000   41.111134878521113
 304.000000000000000   41.036811338142662
 305.000000000000000   41.193495327650574
 306.000000000000000   41.198104537698640
 307.000000000000000   41.288381602257068
 308.000000000000000   41.349388499107981
 309.000000000000000   41.484078958802350
 310.000000000000000   41.563166482790130
 311.000000000000000   41.299715606094111
 312.000000000000000   41.797071736031022
 313.000000000000000   41.737328561870910
 314.000000000000000   41.559203389759219
 315.000000000000000   41.870947603351702
 316.000000000000000   41.795038287416951
 317.000000000000000   42.012873078122936
 318.000000000000000   42.015487383057348
 319.000000000000000   41.987146596562802
 320.000000000000000   42.156893362492234
 321.000000000000000   41.867776458317145
 322.000000000000000   42.550272826554057
 323.000000000000000   42.072630858265185
 324.000000000000000   42.312305071749073
 325.000000000000000   42.690061007553886
 326.000000000000000   42.015259031611834
 327.000000000000000   42.916823116410562
 328.000000000000000   42.481378124213286
 329.000000000000000   42.412934719670389
 330.000000000000000   42.696203012913848
 331.000000000000000   42.997739185773717
 332.000000000000000   42.612518984766979
 333.000000000000000   42.689510306930778
 334.000000000000000   43.132714603586869
 335.000000000000000   42.918010760550764
 336.000000000000000   42.955728296163983
 337.000000000000000   43.118661794794498
 338.000000000000000   43.163180031408551
 339.000000000000000   42.999575291030858
 340.000000000000000   43.050526058167812
 341.000000000000000   43.640825625182345
 342.000000000000000   43.183007386831250
 343.000000000000000   43.305821069106059
 344.000000000000000   43.596996284475111
 345.000000000000000   43.308666733147504
 346.000000000000000   43.589408293290532
 347.000000000000000   43.485744252068748
 348.000000000000000   43.900630177324345
 349.000000000000000   43.182697449393750
 350.000000000000000   44.228334922313856
 351.000000000000000   43.834730598031328
 352.000000000000000   43.433854687516714
 353.000000000000000   44.382504271347045
 354.000000000000000   43.430682240326249
 355.000000000000000   44.282227000735077
 356.000000000000000   43.923279936302620
 357.000000000000000   44.117966675119014
 358.000000000000000   44.112475221408609
 359.000000000000000   43.963220294467945
 360.000000000000000   44.269205713828129
 361.000000000000000   44.456079983893993
 362.000000000000000   44.198378489386585
 363.000000000000000   44.628421366368677
 364.000000000000000   43.940947300979140
 365.000000000000000   44.952846751134985
 366.000000000000000   44.216454811239238
 367.000000000000000   44.706175902003586
 368.000000000000000   44.252054596665317
 369.000000000000000   45.068595146451784
 370.000000000000000   44.186242291064680
 371.000000000000000   45.129024253620777
 372.000000000000000   44.561131285964699
 373.000000000000000   44.967492797685729
 374.000000000000000   44.754673750021574
 375.000000000000000   45.043569105656637
 376.000000000000000   44.687857800014413
 377.000000000000000   45.454010862884587
 378.000000000000000   44.238528240566275
 379.000000000000000   45.928665390506694
 380.000000000000000   44.606866156962525
 381.000000000000000   45.355943027869984
 382.000000000000000   45.295658247634073
 383.000000000000000   45.071786198342323
 384.000000000000000   45.253436862868021
 385.000000000000000   45.534181195003718
 386.000000000000000   45.255833845597351
 387.000000000000000   45.577107988082403
 388.000000000000000   44.962861434274167
 389.000000000000000   46.362657707031033
 390.000000000000000   44.709500667050669
 391.000000000000000   45.922044673765377
 392.000000000000000   45.450527149181852
 393.000000000000000   45.928374494921655
 394.000000000000000   45.608138729827417
 395.000000000000000   45.562342324698903
 396.000000000000000   45.849329418042132
 397.000000000000000   46.001659574067851
 398.000000000000000   45.838261826747797
 399.000000000000000   45.732129982334222
 400.000000000000000   45.868300709747331
 401.000000000000000   46.160135663317874
 402.000000000000000   46.039048491107998
 403.000000000000000   46.084800269067379
 404.000000000000000   45.777453151733035
 405.000000000000000   46.184389942938211
 406.000000000000000   46.851881524019149
 407.000000000000000   45.700888995274148
 408.000000000000000   46.204744046212816
 409.000000000000000   46.219762601680614
 410.000000000000000   46.194784854850717
 411.000000000000000   46.316812224683211
 412.000000000000000   47.246664593462526
 413.000000000000000   45.715317267790347
 414.000000000000000   46.442783534235417
 415.000000000000000   46.383367627112236
 416.000000000000000   47.198329668611116
 417.000000000000000   46.083004933494067
 418.000000000000000   46.536739781820266
 419.000000000000000   47.260814575417406
 420.000000000000000   46.033854691380476
 421.000000000000000   47.115333444736024
 422.000000000000000   46.479821442490163
 423.000000000000000   46.775327414539397
 424.000000000000000   46.927227373109837
 425.000000000000000   46.950876837378964
 426.000000000000000   46.371969237234545
 427.000000000000000   47.919011658271948
 428.000000000000000   46.081657870931323
 429.000000000000000   47.288990986153308
 430.000000000000000   47.243844838670320
 431.000000000000000   46.665047169855853
 432.000000000000000   47.780413400558658
 433.000000000000000   46.450025929923363
 434.000000000000000   47.617654906457581
 435.000000000000000   47.065196643602832
 436.000000000000000   46.644301778325186
 437.000000000000000   48.440699445062123
 438.000000000000000   46.924744205219014
 439.000000000000000   46.881779907348509
 440.000000000000000   47.644494417329419
 441.000000000000000   47.086794497791509
 442.000000000000000   47.617839774347637
 443.000000000000000   47.695775926453138
 444.000000000000000   47.403490992102832
 445.000000000000000   47.599708005314383
 446.000000000000000   47.096764428444011
 447.000000000000000   47.831502622100629
 448.000000000000000   47.961307634808179
 449.000000000000000   47.633328999373859
 450.000000000000000   47.514623666040997
 451.000000000000000   47.538578123946699
 452.000000000000000   47.933735841945229
 453.000000000000000   47.514476344809609
 454.000000000000000   48.144851022127284
 455.000000000000000   47.745073435455438
 456.000000000000000   47.738191072476937
 457.000000000000000   48.435138458005319
 458.000000000000000   47.651039917677920
 459.000000000000000   48.170804635787555
 460.000000000000000   47.668813765878298
 461.000000000000000   47.904321811712478
 462.000000000000000   48.498445986354852
 463.000000000000000   48.109348130712803
 464.000000000000000   47.636927816759552
 465.000000000000000   48.343226659917754
 466.000000000000000   48.327482673758496
 467.000000000000000   48.142117657785001
 468.000000000000000   48.586534612621492
 469.000000000000000   47.675926335533724
 470.000000000000000   48.236913419820020
 471.000000000000000   48.895820887825394
 472.000000000000000   48.227079090726065
 473.000000000000000   48.547519596870231
 474.000000000000000   47.791476407815296
 475.000000000000000   49.357876309422501
 476.000000000000000   48.088665424254295
 477.000000000000000   48.263284529315754
 478.000000000000000   48.526651585487642
 479.000000000000000   48.625997389664320
 480.000000000000000   48.736193276357071
 481.000000000000000   48.847956222411888
 482.000000000000000   48.301892696396528
 483.000000000000000   48.803353671409951
 484.000000000000000   48.541519376006704
 485.000000000000000   49.222989812716122
 486.000000000000000   48.095718005430996
 487.000000000000000   49.057216985821903
 488.000000000000000   48.984510515443887
 489.000000000000000   49.002028232547701
 490.000000000000000   48.365818084741562
 491.000000000000000   49.326308793792720
 492.000000000000000   48.886578986271410
 493.000000000000000   48.426384910582435
 494.000000000000000   49.634026000108079
 495.000000000000000   48.720407950926791
 496.000000000000000   49.134825782802736
 497.000000000000000   48.992788721282153
 498.000000000000000   49.215663475030034
 499.000000000000000   49.157477275815715
 500.000000000000000   48.972643027768491
 501.000000000000000   48.937098271398561
 502.000000000000000   49.655185037841193
 503.000000000000000   48.904489661955743
 504.000000000000000   49.434451098529529
 505.000000000000000   49.580146592717540
 506.000000000000000   49.007491113454691
 507.000000000000000   49.116378648904778
 508.000000000000000   49.917373689820998
 509.000000000000000   48.500689742775556
 510.000000000000000   50.220063044169102
 511.000000000000000   49.283897746340102
 512.000000000000000   49.074857912305752
 513.000000000000000   49.596525283387699
 514.000000000000000   49.845931996723273
 515.000000000000000   49.634707662947008
 516.000000000000000   49.016124453012729
 517.000000000000000   50.232272097654921
 518.000000000000000   49.011772395380973
 519.000000000000000   49.715035545949661
 520.000000000000000   49.954529683287092
 521.000000000000000   49.596269741548348
 522.000000000000000   49.552937909181630
 523.000000000000000   49.730809059126564
 524.000000000000000   50.275781763504675
 525.000000000000000   49.531525787253017
 526.000000000000000   49.401224254079317
 527.000000000000000   50.261941948315140
 528.000000000000000   50.066474563237975
 529.000000000000000   49.311902732522270
 530.000000000000000   50.215089114536795
 531.000000000000000   49.649584607316001
 532.000000000000000   50.565749914489764
 533.000000000000000   49.752151713746585
 534.000000000000000   49.491355009822534
 535.000000000000000   50.899454890626899
 536.000000000000000   49.389936153658283
 537.000000000000000   50.647662691396171
 538.000000000000000   49.788616251948838
 539.000000000000000   49.775712463217886
 540.000000000000000   50.339663638678573
 541.000000000000000   50.573183131127657
 542.000000000000000   49.910409999101667
 543.000000000000000   50.616001212170062
 544.000000000000000   49.847493967444493
 545.000000000000000   50.073440998540605
 546.000000000000000   50.518377069499302
 547.000000000000000   50.699493509067935
 548.000000000000000   49.782847961297421
 549.000000000000000   50.657919829270675
 550.000000000000000   49.982638805813785
 551.000000000000000   51.215992339958802
 552.000000000000000   50.109813090290857
 553.000000000000000   50.479539517739084
 554.000000000000000   50.322080588582878
 555.000000000000000   50.457817428969719
 556.000000000000000   50.658061757867010
 557.000000000000000   50.223837617810972
 558.000000000000000   50.259973929413569
 559.000000000000000   52.062945416568866
 560.000000000000000   48.811027911740908
 561.000000000000000   51.930666852578796
 562.000000000000000   50.509879097759089
 563.000000000000000   50.738789266435802
 564.000000000000000   50.551008523198526
 565.000000000000000   50.581922496299164
 566.000000000000000   50.430851381862865
 567.000000000000000   50.888465677935017
 568.000000000000000   51.374332785786798
 569.000000000000000   50.027526748765972
 570.000000000000000   51.716449502129251
 571.000000000000000   49.993615214341894
 572.000000000000000   51.495077014326640
 573.000000000000000   50.617536187910432
 574.000000000000000   51.527415052772078
 575.000000000000000   50.365517768954888
 576.000000000000000   51.847383440162233
 577.000000000000000   49.922983576630408
 578.000000000000000   51.551517549448988
 579.000000000000000   50.633412097810073
 580.000000000000000   51.432352848852929
 581.000000000000000   49.503335986721801
 582.000000000000000   52.578407492680185
 583.000000000000000   52.207101608935652
 584.000000000000000   49.563370196422518
 585.000000000000000   52.059937691032026
 586.000000000000000   49.648896393280765
 587.000000000000000   52.970724144043636
 588.000000000000000   50.576265493300461
 589.000000000000000   51.583104858015140
 590.000000000000000   51.355160952388538
 591.000000000000000   49.910750592613788
 592.000000000000000   52.186984500138365
 593.000000000000000   51.205805500562327
 594.000000000000000   52.330331631617462
 595.000000000000000   49.871359962561804
 596.000000000000000   52.284580127894309
 597.000000000000000   51.108201562418671
 598.000000000000000   51.670618048548576
 599.000000000000000   50.870566288701198
 600.000000000000000   51.748617452602090
 601.000000000000000   51.389748969179479
 602.000000000000000   52.761495337944488
 603.000000000000000   50.539065679626468
 604.000000000000000   51.645200953885606
 605.000000000000000   51.252097313679265
 606.000000000000000   51.624836661626333
 607.000000000000000   51.745908762527435
 608.000000000000000   52.008827078177511
 609.000000000000000   50.631122468468213
 610.000000000000000   52.545670792441641
 611.000000000000000   52.513444830773949
 612.000000000000000   50.694656169417570
 613.000000000000000   51.661014145960806
 614.000000000000000   51.982263250668147
 615.000000000000000   51.485561529325281
 616.000000000000000   51.790475467586532
 617.000000000000000   52.191313090434612
 618.000000000000000   51.814609011988914
 619.000000000000000   52.352569029805984
 620.000000000000000   51.119888783137377
 621.000000000000000   51.830296980631992
 622.000000000000000   51.263150158907287
 623.000000000000000   53.659101906225771
 624.000000000000000   50.559573428182283
 625.000000000000000   53.000068745047763
 626.000000000000000   50.690530707802665
 627.000000000000000   53.412863381420955
 628.000000000000000   50.594763238396382
 629.000000000000000   53.614057463266150
 630.000000000000000   51.287868759961007
 631.000000000000000   52.061001256436292
 632.000000000000000   51.627591723379602
 633.000000000000000   52.557408843221260
 634.000000000000000   52.646574201255930
 635.000000000000000   51.709839900554336
 636.000000000000000   52.045225721126840
 637.000000000000000   52.866162733040696
 638.000000000000000   51.235628998413681
 639.000000000000000   52.426846564846954
 640.000000000000000   52.927405948028124
 641.000000000000000   52.172646737162360
 642.000000000000000   51.038845850516829
 643.000000000000000   53.566078917420811
 644.000000000000000   51.750021663481974
 645.000000000000000   52.546169053353985
 646.000000000000000   52.976857377571626
 647.000000000000000   51.450972559446363
 648.000000000000000   53.367824479473320
 649.000000000000000   50.960944244039595
 650.000000000000000   53.876665704856009
 651.000000000000000   51.002818428146242
 652.000000000000000   54.160305854899555
 653.000000000000000   50.476506777469368
 654.000000000000000   54.622600154975913
 655.000000000000000   52.207915594965428
 656.000000000000000   50.968082774420054
 657.000000000000000   54.438832789510755
 658.000000000000000   50.866441264886205
 659.000000000000000   53.264944350634821
 660.000000000000000   53.552975102121088
 661.000000000000000   51.453011059245391
 662.000000000000000   52.808607360699924
 663.000000000000000   52.647059676763604
 664.000000000000000   52.858237355826098
 665.000000000000000   53.261468632910542
 666.000000000000000   51.882212397125123
 667.000000000000000   52.777884616126997
 668.000000000000000   54.103175327612668
 669.000000000000000   51.167100954786569
 670.000000000000000   52.819972848764742
 671.000000000000000   53.322172737068897
 672.000000000000000   52.896175322518353
 673.000000000000000   52.968976979525010
 674.000000000000000   52.244703424532823
 675.000000000000000   53.962524359604053
 676.000000000000000   52.175647107040710
 677.000000000000000   53.389491499932113
 678.000000000000000   51.851020758482591
 679.000000000000000   53.596734826839679
 680.000000000000000   52.930229060203700
 681.000000000000000   52.828354125118118
 682.000000000000000   53.150213716761250
 683.000000000000000   52.382678859505347
 684.000000000000000   53.613803029417241
 685.000000000000000   53.697796556727020
 686.000000000000000   52.010889966548326
 687.000000000000000   53.985690705901533
 688.000000000000000   51.784183806939126
 689.000000000000000   54.139466850197820
 690.000000000000000   53.498516688404521
 691.000000000000000   52.321727214313491
 692.000000000000000   53.273958283857759
 693.000000000000000   53.168750584565764
 694.000000000000000   53.347143011933333
 695.000000000000000   53.814947260188426
 696.000000000000000   51.754956344511591
 697.000000000000000   54.332773975991820
 698.000000000000000   52.802747880717490
 699.000000000000000   53.548535981019583
 700.000000000000000   53.244429913756321
 701.000000000000000   53.823254039588036
 702.000000000000000   52.428436383414336
 703.000000000000000   54.147956374828219
 704.000000000000000   51.827798974268262
 705.000000000000000   55.336322057891493
 706.000000000000000   52.171509748047356
 707.000000000000000   53.608414635613187
 708.000000000000000   53.397724417253229
 709.000000000000000   53.630213963202827
 710.000000000000000   53.133466491494900
 711.000000000000000   53.881716026426531
 712.000000000000000   53.400668276496383
 713.000000000000000   53.223772441013395
 714.000000000000000   53.056708695087380
 715.000000000000000   54.284921091434285
 716.000000000000000   54.215586389331484
 717.000000000000000   52.132612405969482
 718.000000000000000   54.424973982587936
 719.000000000000000   53.335286316927828
 720.000000000000000   53.394878329797407
 721.000000000000000   53.503944102989124
 722.000000000000000   54.349823127387914
 723.000000000000000   52.394523566491635
 724.000000000000000   55.938718478338735
 725.000000000000000   51.973994648953308
 726.000000000000000   53.339733951389086
 727.000000000000000   54.438501380981435
 728.000000000000000   54.396613427738906
 729.000000000000000   52.706126289504247
 730.000000000000000   53.706930696753325
 731.000000000000000   53.943073990614081
 732.000000000000000   53.969519966031292
 733.000000000000000   53.825941159470851
 734.000000000000000   53.597821977504445
 735.000000000000000   54.985870754673996
 736.000000000000000   51.425407989075481
 737.000000000000000   56.162539411701175
 738.000000000000000   52.882616706629548
 739.000000000000000   53.965170605874931
 740.000000000000000   53.437199294905696
 741.000000000000000   54.473944231603667
 742.000000000000000   54.007632773981847
 743.000000000000000   53.267473026757408
 744.000000000000000   55.106244306419910
 745.000000000000000   52.710103368717519
 746.000000000000000   55.459587624472526
 747.000000000000000   52.170930343462928
 748.000000000000000   55.441073283613726
 749.000000000000000   54.374995567256590
 750.000000000000000   52.658845177214559
 751.000000000000000   55.335500364938170
 752.000000000000000   52.630752248593623
 753.000000000000000   55.824547570536858
 754.000000000000000   52.633549273432209
 755.000000000000000   53.830589509393405
 756.000000000000000   56.390992177970567
 757.000000000000000   52.292922826539481
 758.000000000000000   54.580736382616031
 759.000000000000000   54.286352607102053
 760.000000000000000   54.453087370515313
 761.000000000000000   52.471120399135891
 762.000000000000000   56.425317088309889
 763.000000000000000   53.559251811903444
 764.000000000000000   53.404111477482978
 765.000000000000000   55.361252155911629
 766.000000000000000   52.714366020485549
 767.000000000000000   55.957005341946427
 768.000000000000000   53.621863609676794
 769.000000000000000   55.038798554888636
 770.000000000000000   52.893695424057732
 771.000000000000000   55.977174589848040
 772.000000000000000   53.847125400309700
 773.000000000000000   53.463586456045753
 774.000000000000000   54.496420354485245
 775.000000000000000   55.798747690719878
 776.000000000000000   52.586662580831302
 777.000000000000000   55.948099372723810
 778.000000000000000   53.143024860232245
 779.000000000000000   55.005136549400341
 780.000000000000000   54.190472402261470
 781.000000000000000   55.299751128656396
 782.000000000000000   54.095525991826506
 783.000000000000000   53.792063320492986
 784.000000000000000   55.973833805315593
 785.000000000000000   53.330115692893820
 786.000000000000000   55.319843443327500
 787.000000000000000   54.454042201530967
 788.000000000000000   53.954847577546197
 789.000000000000000   53.297136583927902
 790.000000000000000   57.437037611464405
 791.000000000000000   53.237749164994199
 792.000000000000000   54.301388024560957
 793.000000000000000   55.027628232903822
 794.000000000000000   54.532283544190761
 795.000000000000000   55.128558205994906
 796.000000000000000   53.780102203455080
 797.000000000000000   55.790210570082465
 798.000000000000000   54.202201385425518
 799.000000000000000   53.862795534880121
 800.000000000000000   55.020607908778487
 801.000000000000000   55.505541169749108
 802.000000000000000   54.428955153623470
 803.000000000000000   54.108763792238179
 804.000000000000000   55.135523123064701
 805.000000000000000   55.702409069626164
 806.000000000000000   54.190078054399642
 807.000000000000000   53.367258573870693
 808.000000000000000   57.534696957079824
 809.000000000000000   52.867033774406693
 810.000000000000000   55.919167759213522
 811.000000000000000   54.338021199533500
 812.000000000000000   54.994519164594074
 813.000000000000000   53.862713413239483
 814.000000000000000   55.891553105000654
 815.000000000000000   55.522454546217396
 816.000000000000000   54.080895761292815
 817.000000000000000   54.085525268504107
 818.000000000000000   55.631546634833668
 819.000000000000000   55.418756460120051
 820.000000000000000   54.161765424363224
 821.000000000000000   55.735444527575510
 822.000000000000000   54.749640903564000
 823.000000000000000   55.238913438124335
 824.000000000000000   55.024624187156618
 825.000000000000000   53.330138201824596
 826.000000000000000   58.008718364023672
 827.000000000000000   52.675021401455673
 828.000000000000000   55.474808207327037
 829.000000000000000   56.082381778761942
 830.000000000000000   54.504058054723238
 831.000000000000000   55.354657738486232
 832.000000000000000   54.322589493155526
 833.000000000000000   55.481288652491727
 834.000000000000000   54.646978068969567
 835.000000000000000   56.032691667535481
 836.000000000000000   54.990566329265214
 837.000000000000000   54.156416680435669
 838.000000000000000   56.313809983408802
 839.000000000000000   54.922095792639411
 840.000000000000000   55.183348789427647
 841.000000000000000   55.485196320175149
 842.000000000000000   54.452604034121045
 843.000000000000000   55.240872678445754
 844.000000000000000   54.938979522127831
 845.000000000000000   55.195715976695055
 846.000000000000000   56.410970114713884
 847.000000000000000   54.927724972105352
 848.000000000000000   55.839124020621099
 849.000000000000000   54.335523131213755
 850.000000000000000   55.598113510473823
 851.000000000000000   55.099449139358732
 852.000000000000000   55.439517561695872
 853.000000000000000   55.248710474635971
 854.000000000000000   55.342736575352781
 855.000000000000000   56.034984949489711
 856.000000000000000   54.350063294780149
 857.000000000000000   54.806950656509677
 858.000000000000000   57.134165754326347
 859.000000000000000   55.104818170633635
 860.000000000000000   54.173550887739580
 861.000000000000000   56.286640559952140
 862.000000000000000   55.782274673573397
 863.000000000000000   54.335970391530346
 864.000000000000000   56.373749763267739
 865.000000000000000   55.404987689003001
 866.000000000000000   54.948659742081283
 867.000000000000000   55.214185399493076
 868.000000000000000   55.259591055896912
 869.000000000000000   57.419314553000220
 870.000000000000000   54.124436110799031
 871.000000000000000   54.897124540625704
 872.000000000000000   55.932730164707870
 873.000000000000000   56.120842860473090
 874.000000000000000   54.982566275618595
 875.000000000000000   57.012428631963452
 876.000000000000000   54.508559685539794
 877.000000000000000   55.464155523540228
 878.000000000000000   55.734533841405877
 879.000000000000000   54.830587090225038
 880.000000000000000   56.711564734218143
 881.000000000000000   54.673718184038002
 882.000000000000000   56.388275948556533
 883.000000000000000   55.353731574361824
 884.000000000000000   55.246283746470098
 885.000000000000000   55.714050025036357
 886.000000000000000   56.576198449914280
 887.000000000000000   54.921550531189929
 888.000000000000000   55.870756532164194
 889.000000000000000   55.757212867592592
 890.000000000000000   56.272517587691844
 891.000000000000000   54.663506083245046
 892.000000000000000   56.217279125280065
 893.000000000000000   55.598873024978580
 894.000000000000000   55.241521932456372
 895.000000000000000   56.511987307385027
 896.000000000000000   55.764400449451458
 897.000000000000000   55.362293892775092
 898.000000000000000   55.424551382240011
 899.000000000000000   56.796470115771619
 900.000000000000000   55.027808632091251
 901.000000000000000   55.691614431842794
 902.000000000000000   56.226807012417474
 903.000000000000000   56.118029363514069
 904.000000000000000   54.820294178293345
 905.000000000000000   56.538536751795263
 906.000000000000000   56.111897060173398
 907.000000000000000   56.092486399204333
 908.000000000000000   55.266310646714821
 909.000000000000000   54.917686212276458
 910.000000000000000   57.498824277250783
 911.000000000000000   55.303512946316431
 912.000000000000000   55.385589790879536
 913.000000000000000   57.107552141161605
 914.000000000000000   54.666847134481003
 915.000000000000000   56.309943869070807
 916.000000000000000   56.485595331815652
 917.000000000000000   55.160926730135664
 918.000000000000000   55.491196254244812
 919.000000000000000   57.252824188660092
 920.000000000000000   55.354007945081783
 921.000000000000000   56.791166753007388
 922.000000000000000   54.536471343386907
 923.000000000000000   56.867616287352824
 924.000000000000000   55.228811057318502
 925.000000000000000   57.552326666481235
 926.000000000000000   55.140748592972194
 927.000000000000000   55.753090403434570
 928.000000000000000   56.164770138418305
 929.000000000000000   56.463363580064410
 930.000000000000000   55.862087252397878
 931.000000000000000   55.231748412819989
 932.000000000000000   57.148727990549020
 933.000000000000000   55.846353560215888
 934.000000000000000   56.267452844451483
 935.000000000000000   55.104248270091965
 936.000000000000000   57.218490246210557
 937.000000000000000   54.843693710828717
 938.000000000000000   57.289156172255367
 939.000000000000000   55.364448434276724
 940.000000000000000   56.282302410219756
 941.000000000000000   56.445275781348037
 942.000000000000000   56.598054299419033
 943.000000000000000   54.802025715153086
 944.000000000000000   57.615467114427439
 945.000000000000000   55.039683344605599
 946.000000000000000   56.584501292977151
 947.000000000000000   55.891071034252583
 948.000000000000000   56.585117184539897
 949.000000000000000   56.821413929971975
 950.000000000000000   54.892895406491704
 951.000000000000000   57.261320016661927
 952.000000000000000   55.150989821499294
 953.000000000000000   57.024983502449246
 954.000000000000000   56.020740082741312
 955.000000000000000   56.485717226367719
 956.000000000000000   55.893704837149016
 957.000000000000000   56.361387217927188
 958.000000000000000   56.390478680866003
 959.000000000000000   55.884637182634727
 960.000000000000000   56.302753696115673
 961.000000000000000   57.083936173622540
 962.000000000000000   56.398321155414813
 963.000000000000000   54.741368269478578
 964.000000000000000   56.275162502471368
 965.000000000000000   58.401461682060436
 966.000000000000000   54.478821387147107
 967.000000000000000   57.708030313262498
 968.000000000000000   54.808429776296229
 969.000000000000000   57.459296598235710
 970.000000000000000   56.447040785574323
 971.000000000000000   55.236526744930046
 972.000000000000000   56.782005687771040
 973.000000000000000   57.587549699560014
 974.000000000000000   55.795532222818316
 975.000000000000000   55.794826868830597
 976.000000000000000   55.982747524027367
 977.000000000000000   57.427720912939499
 978.000000000000000   55.713960998541737
 979.000000000000000   57.181735341511136
 980.000000000000000   56.308216521987177
 981.000000000000000   54.577769131356810
 982.000000000000000   58.755979395978493
 983.000000000000000   54.793588350547964
 984.000000000000000   56.961130555528200
 985.000000000000000   57.152816505259672
 986.000000000000000   55.355309316000373
 987.000000000000000   57.346497745439990
 988.000000000000000   56.034198749055044
 989.000000000000000   56.176359709825704
 990.000000000000000   56.737739704910993
 991.000000000000000   57.606525470143225
 992.000000000000000   54.437488097787259
 993.000000000000000   57.608431426816715
 994.000000000000000   56.498650256651707
 995.000000000000000   56.823120418939460
 996.000000000000000   56.085536043085916
 997.000000000000000   56.515927260645519
 998.000000000000000   56.842062175158624
 999.000000000000000   56.040148722403764
1000.000000000000000   55.816855021866239
1001.000000000000000   57.642817799721541
1002.000000000000000   57.110395936104588
1003.000000000000000   55.610339611628639
1004.000000000000000   56.925897910370850
1005.000000000000000   56.451849753469354
1006.000000000000000   55.875465963524569
1007.000000000000000   57.228162731318598
1008.000000000000000   56.523890116686943
1009.000000000000000   56.527027513664457
1010.000000000000000   57.141341687828373
1011.000000000000000   56.035157185103358
1012.000000000000000   55.581453923393710
1013.000000000000000   58.105970316710419
1014.000000000000000   57.078233808147139
1015.000000000000000   54.746814222256837
1016.000000000000000   57.838945885465499
1017.000000000000000   55.889712499421314
1018.000000000000000   58.974505869013484
1019.000000000000000   53.376193221706565
1020.000000000000000   57.904552868436340
1021.000000000000000   57.835958051781660
1022.000000000000000   54.560965408879376
1023.000000000000000   56.863872179471507
1024.000000000000000   58.011285149126884
1025.000000000000000   55.771131809147889
1026.000000000000000   58.023022441180998
1027.000000000000000   55.463069961646383
1028.000000000000000   56.980743382198419
1029.000000000000000   56.445666851824782
1030.000000000000000   56.933229124048722
1031.000000000000000   57.269849497920497
1032.000000000000000   56.105455175325694
1033.000000000000000   56.054109339177700
1034.000000000000000   56.605855332096816
1035.000000000000000   58.226981292249164
1036.000000000000000   56.064352328347141
1037.000000000000000   54.716833939674189
1038.000000000000000   59.393301097270097
1039.000000000000000   55.667108233741992
1040.000000000000000   58.153739331926673
1041.000000000000000   55.104350888938377
1042.000000000000000   57.440802941744622
1043.000000000000000   57.006580839852177
1044.000000000000000   56.240078001933014
1045.000000000000000   55.685749086950565
1046.000000000000000   58.220325742697092
1047.000000000000000   56.504674766425453
1048.000000000000000   56.711195046463516
1049.000000000000000   57.217235682502391
1050.000000000000000   55.882643263093435
1051.000000000000000   56.739585296243192
1052.000000000000000   56.960451490376919
1053.000000000000000   58.955186910768511
1054.000000000000000   55.942211544102967
1055.000000000000000   54.747244493478945
1056.000000000000000   57.896097870678901
1057.000000000000000   54.532228845685900
1058.000000000000000   61.499557197340295
1059.000000000000000   52.710508807758856
1060.000000000000000   59.859450953151132
1061.000000000000000   55.392527054243196
1062.000000000000000   57.455451418496779
1063.000000000000000   54.986446816170897
1064.000000000000000   57.867585565748463
1065.000000000000000   58.485661482776749
1066.000000000000000   56.047714820812367
1067.000000000000000   54.085075031094028
1068.000000000000000   61.215514413889380
1069.000000000000000   53.158716793821455
1070.000000000000000   60.466584832817965
1071.000000000000000   54.061463457331762
1072.000000000000000   56.885676925792666
1073.000000000000000   56.268534829718966
1074.000000000000000   57.991302532362120
1075.000000000000000   57.952268770241830
1076.000000000000000   55.941872655870256
1077.000000000000000   56.274655070501339
1078.000000000000000   60.038951538919569
1079.000000000000000   53.176771755712473
1080.000000000000000   59.534121570212719
1081.000000000000000   54.923760534849137
1082.000000000000000   55.688911051677721
1083.000000000000000   60.371966336296609
1084.000000000000000   55.344463809927447
1085.000000000000000   55.290274927247509
1086.000000000000000   58.991132253036803
1087.000000000000000   54.526808186646889
1088.000000000000000   60.224853053152017
1089.000000000000000   55.496263139094658
1090.000000000000000   56.568918947403681
1091.000000000000000   58.169319577935511
1092.000000000000000   55.741935509699445
1093.000000000000000   56.869588375809464
1094.000000000000000   58.712714485028762
1095.000000000000000   54.547843409404074
1096.000000000000000   56.444722124276694
1097.000000000000000   58.940686851130835
1098.000000000000000   56.677607654568327
1099.000000000000000   55.123771677627730
1100.000000000000000   60.690505400866329
1101.000000000000000   53.378495387247789
1102.000000000000000   59.145495114238820
1103.000000000000000   55.183457405672975
1104.000000000000000   59.589298335676247
1105.000000000000000   55.392187488480481
1106.000000000000000   55.881063771716740
1107.000000000000000   56.272770283842675
1108.000000000000000   60.163052935992475
1109.000000000000000   55.209682080895362
1110.000000000000000   58.625907960416917
1111.000000000000000   55.350192105090883
1112.000000000000000   55.253221089817586
1113.000000000000000   61.679711633303050
1114.000000000000000   54.496898220324084
1115.000000000000000   57.907024808922017
1116.000000000000000   54.718146168019359
1117.000000000000000   59.109575733568889
1118.000000000000000   59.223936042960446
1119.000000000000000   49.846215282672219
1120.000000000000000   64.664368975103855
1121.000000000000000   49.843244659823554
1122.000000000000000   64.791495916618530
1123.000000000000000   49.738993630977291
1124.000000000000000   58.841941619486754
1125.000000000000000   61.213157789237897
1126.000000000000000   51.905558866978168
1127.000000000000000   59.804059054882167
1128.000000000000000   55.114288902144793
1129.000000000000000   59.498364057096417
1130.000000000000000   55.734208179882380
1131.000000000000000   58.361120922718314
1132.000000000000000   56.318127065527250
1133.000000000000000   55.371964721711805
1134.000000000000000   59.965468729299602
1135.000000000000000   54.970749803869317
1136.000000000000000   56.899007730859473
1137.000000000000000   55.274202017089749
1138.000000000000000   60.539355449324631
1139.000000000000000   57.642211954912128
1140.000000000000000   53.148959224335471
1141.000000000000000   58.570380204399029
1142.000000000000000   59.903574826301700
1143.000000000000000   54.651886581051428
1144.000000000000000   55.231314148336573
1145.000000000000000   57.150853249314125
1146.000000000000000   58.894002227079149
1147.000000000000000   57.544491061853968
1148.000000000000000   56.828588166827558
1149.000000000000000   57.990743919035587
1150.000000000000000   55.536165270217403
1151.000000000000000   57.362820674645903
1152.000000000000000   57.363524411941754
1153.000000000000000   56.999542288935238
1154.000000000000000   56.442651612641654
1155.000000000000000   57.267026990754964
1156.000000000000000   61.348475855711513
1157.000000000000000   54.375969812603884
1158.000000000000000   53.545423362966929
1159.000000000000000   53.598657013453263
1160.000000000000000   65.476787298077937
1161.000000000000000   53.858073888355811
1162.000000000000000   54.776747578140970
1163.000000000000000   61.899716717917471
1164.000000000000000   55.756437426144785
1165.000000000000000   59.625240178944402
1166.000000000000000   53.235240059867337
1167.000000000000000   55.854411468625976
1168.000000000000000   58.308467930899582
1169.000000000000000   58.374474064355262
1170.000000000000000   59.283275819759908
1171.000000000000000   51.412415956210211
1172.000000000000000   57.008792261328871
1173.000000000000000   61.093227618281603
1174.000000000000000   56.218216624843954
1175.000000000000000   57.302045688487446
1176.000000000000000   58.366949192782670
1177.000000000000000   54.872589854344284
1178.000000000000000   59.713309711331831
1179.000000000000000   52.681603916539757
1180.000000000000000   60.241265368584202
1181.000000000000000   54.964169965908297
1182.000000000000000   58.441987863264728
1183.000000000000000   56.038870817614082
1184.000000000000000   58.182132364758949
1185.000000000000000   61.783301420312490
1186.000000000000000   49.870286399060859
1187.000000000000000   60.864896148829082
1188.000000000000000   51.593971232417807
1189.000000000000000   62.843150012237309
1190.000000000000000   55.131232068805808
1191.000000000000000   58.152689990907518
1192.000000000000000   58.853255558114029
1193.000000000000000   54.079303587051037
1194.000000000000000   56.065596922931469
1195.000000000000000   63.824452376696954
1196.000000000000000   47.843753497763075
1197.000000000000000   58.898831322624268
1198.000000000000000   64.233511592748314
1199.000000000000000   45.416401387133924
1200.000000000000000   72.594402506765007
