   0.000000000000000    0.000000000000000
   1.000000000000000    0.000000432255767
   2.000000000000000    0.000001534993143
   3.000000000000000    0.000003354528552
   4.000000000000000    0.000005883730857
   5.000000000000000    0.000009088518186
   6.000000000000000    0.000012925781156
   7.000000000000000    0.000017341625209
   8.000000000000000    0.000022272244588
   9.000000000000000    0.000027648355551
  10.000000000000000    0.000033399102090
  11.000000000000000    0.000039454292551
  12.000000000000000    0.000045745481461
  13.000000000000000    0.000052207081727
  14.000000000000000    0.000058775367756
  15.000000000000000    0.000065388712929
  16.000000000000000    0.000071987072713
  17.000000000000000    0.000078511396245
  18.000000000000000    0.000084904123037
  19.000000000000000    0.000091108775172
  20.000000000000000    0.000097071203523
  21.000000000000000    0.000102739916170
  22.000000000000000    0.000108067043556
  23.000000000000000    0.000113009370544
  24.000000000000000    0.000117529044667
  25.000000000000000    0.000121594354072
  26.000000000000000    0.000125180517213
  27.000000000000000    0.000128269494344
  28.000000000000000    0.000130850963724
  29.000000000000000    0.000132921391612
  30.000000000000000    0.000134484765678
  31.000000000000000    0.000135551710107
  32.000000000000000    0.000136139214801
  33.000000000000000    0.000136269791803
  34.000000000000000    0.000135971515056
  35.000000000000000    0.000135276646095
  36.000000000000000    0.000134221745811
  37.000000000000000    0.000132846198563
  38.000000000000000    0.000131192191677
  39.000000000000000    0.000129303777536
  40.000000000000000    0.000127226357756
  41.000000000000000    0.000125006042634
  42.000000000000000    0.000122689404055
  43.000000000000000    0.000120322617354
  44.000000000000000    0.000117951450263
  45.000000000000000    0.000115620654458
  46.000000000000000    0.000113373603269
  47.000000000000000    0.000111252375780
  48.000000000000000    0.000109297043460
  49.000000000000000    0.000107545829204
  50.000000000000000    0.000106034746777
  51.000000000000000    0.000104797820831
  52.000000000000000    0.000103866429679
  53.000000000000000    0.000103269807323
  54.000000000000000    0.000103034754058
  55.000000000000000    0.000103185869503
  56.000000000000000    0.000103744834246
  57.000000000000000    0.000104731569556
  58.000000000000000    0.000106163370922
  59.000000000000000    0.000108055352491
  60.000000000000000    0.000110420517029
  61.000000000000000    0.000113269631850
  62.000000000000000    0.000116611577926
  63.000000000000000    0.000120453267281
  64.000000000000000    0.000124799792919
  65.000000000000000    0.000129654450557
  66.000000000000000    0.000135019109673
  67.000000000000000    0.000140893933141
  68.000000000000000    0.000147277630310
  69.000000000000000    0.000154167765855
  70.000000000000000    0.000161560453042
  71.000000000000000    0.000169450749489
  72.000000000000000    0.000177832760874
  73.000000000000000    0.000186699500388
  74.000000000000000    0.000196043265810
  75.000000000000000    0.000205855423588
  76.000000000000000    0.000216126720477
  77.000000000000000    0.000226847188864
  78.000000000000000    0.000238006474139
  79.000000000000000    0.000249593464833
  80.000000000000000    0.000261596991159
  81.000000000000000    0.000274005158782
  82.000000000000000    0.000286806050142
  83.000000000000000    0.000299987244019
  84.000000000000000    0.000313536430065
  85.000000000000000    0.000327440886638
  86.000000000000000    0.000341687902818
  87.000000000000000    0.000356264655123
  88.000000000000000    0.000371158264715
  89.000000000000000    0.000386355971354
  90.000000000000000    0.000401845003130
  91.000000000000000    0.000417612556757
  92.000000000000000    0.000433645955199
  93.000000000000000    0.000449932947102
  94.000000000000000    0.000466460802237
  95.000000000000000    0.000483217508806
  96.000000000000000    0.000500190907037
  97.000000000000000    0.000517369234101
  98.000000000000000    0.000534740757801
  99.000000000000000    0.000552294031905
 100.000000000000000    0.000570017956315
 101.000000000000000    0.000587901377433
 102.000000000000000    0.000605933571452
 103.000000000000000    0.000624104167724
 104.000000000000000    0.000642402828024
 105.000000000000000    0.000660819499836
 106.000000000000000    0.000679344533974
 107.000000000000000    0.000697968617076
 108.000000000000000    0.000716682351537
 109.000000000000000    0.000735476828304
 110.000000000000000    0.000754343518505
 111.000000000000000    0.000773273835706
 112.000000000000000    0.000792259700733
 113.000000000000000    0.000811293352330
 114.000000000000000    0.000830367091455
 115.000000000000000    0.000849473370293
 116.000000000000000    0.000868605499760
 117.000000000000000    0.000887756177076
 118.000000000000000    0.000906918885854
 119.000000000000000    0.000926087480263
 120.000000000000000    0.000945255568164
 121.000000000000000    0.000964417293815
 122.000000000000000    0.000983567149158
 123.000000000000000    0.001002699475941
 124.000000000000000    0.001021809198002
 125.000000000000000    0.001040891228512
 126.000000000000000    0.001059940790015
 127.000000000000000    0.001078953159649
 128.000000000000000    0.001097924050818
 129.000000000000000    0.001116849177687
 130.000000000000000    0.001135724536136
 131.000000000000000    0.001154546371066
 132.000000000000000    0.001173310900619
 133.000000000000000    0.001192014559550
 134.000000000000000    0.001210654284420
 135.000000000000000    0.001229226728588
 136.000000000000000    0.001247728985950
 137.000000000000000    0.001266158224812
 138.000000000000000    0.001284511687981
 139.000000000000000    0.001302786881498
 140.000000000000000    0.001320981215941
 141.000000000000000    0.001339092699612
 142.000000000000000    0.001357119002026
 143.000000000000000    0.001375058169940
 144.000000000000000    0.001392908334074
 145.000000000000000    0.001410667651840
 146.000000000000000    0.001428334601318
 147.000000000000000    0.001445907522457
 148.000000000000000    0.001463384917458
 149.000000000000000    0.001480765518562
 150.000000000000000    0.001498048212241
 151.000000000000000    0.001515231733392
 152.000000000000000    0.001532314949595
 153.000000000000000    0.001549296965934
 154.000000000000000    0.001566177039193
 155.000000000000000    0.001582954151890
 156.000000000000000    0.001599627680312
 157.000000000000000    0.001616197042439
 158.000000000000000    0.001632661517642
 159.000000000000000    0.001649020727089
 160.000000000000000    0.001665274202459
 161.000000000000000    0.001681421527672
 162.000000000000000    0.001697462517149
 163.000000000000000    0.001713396788279
 164.000000000000000    0.001729224208134
 165.000000000000000    0.001744944720488
 166.000000000000000    0.001760558024423
 167.000000000000000    0.001776064308916
 168.000000000000000    0.001791463498468
 169.000000000000000    0.001806755541600
 170.000000000000000    0.001821940746641
 171.000000000000000    0.001837019064214
 172.000000000000000    0.001851990846945
 173.000000000000000    0.001866856144409
 174.000000000000000    0.001881615251753
 175.000000000000000    0.001896268525365
 176.000000000000000    0.001910816290867
 177.000000000000000    0.001925258772950
 178.000000000000000    0.001939596498293
 179.000000000000000    0.001953829795344
 180.000000000000000    0.001967959113558
 181.000000000000000    0.001981984918700
 182.000000000000000    0.001995907697072
 183.000000000000000    0.002009728018881
 184.000000000000000    0.002023446232056
 185.000000000000000    0.002037063188413
 186.000000000000000    0.002050579150720
 187.000000000000000    0.002063994845140
 188.000000000000000    0.002077310785502
 189.000000000000000    0.002090527571843
 190.000000000000000    0.002103646127816
 191.000000000000000    0.002116666855994
 192.000000000000000    0.002129590381218
 193.000000000000000    0.002142417549111
 194.000000000000000    0.002155148840608
 195.000000000000000    0.002167785165174
 196.000000000000000    0.002180327003700
 197.000000000000000    0.002192775287519
 198.000000000000000    0.002205130535679
 199.000000000000000    0.002217393593852
 200.000000000000000    0.002229565321343
 201.000000000000000    0.002241646115794
 202.000000000000000    0.002253637060685
 203.000000000000000    0.002265538744319
 204.000000000000000    0.002277351972648
 205.000000000000000    0.002289077548972
 206.000000000000000    0.002300716071466
 207.000000000000000    0.002312268552489
 208.000000000000000    0.002323735663157
 209.000000000000000    0.002335117979208
 210.000000000000000    0.002346416676102
 211.000000000000000    0.002357631976432
 212.000000000000000    0.002368765288392
 213.000000000000000    0.002379816979721
 214.000000000000000    0.002390787973465
 215.000000000000000    0.002401679067321
 216.000000000000000    0.002412490964912
 217.000000000000000    0.002423224492052
 218.000000000000000    0.002433880324993
 219.000000000000000    0.002444459454972
 220.000000000000000    0.002454962349073
 221.000000000000000    0.002465390024649
 222.000000000000000    0.002475743297082
 223.000000000000000    0.002486022841855
 224.000000000000000    0.002496229352464
 225.000000000000000    0.002506363683224
 226.000000000000000    0.002516426583767
 227.000000000000000    0.002526418759322
 228.000000000000000    0.002536340949420
 229.000000000000000    0.002546194096423
 230.000000000000000    0.002555978694500
 231.000000000000000    0.002565695712798
 232.000000000000000    0.002575345727002
 233.000000000000000    0.002584929613705
 234.000000000000000    0.002594448060101
 235.000000000000000    0.002603901713004
 236.000000000000000    0.002613291346690
 237.000000000000000    0.002622617784287
 238.000000000000000    0.002631881632533
 239.000000000000000    0.002641083649208
 240.000000000000000    0.002650224415590
 241.000000000000000    0.002659304865662
 242.000000000000000    0.002668325481544
 243.000000000000000    0.002677287125801
 244.000000000000000    0.002686190402699
 245.000000000000000    0.002695035989885
 246.000000000000000    0.002703824539497
 247.000000000000000    0.002712556834219
 248.000000000000000    0.002721233442828
 249.000000000000000    0.002729855186759
 250.000000000000000    0.002738422604396
 251.000000000000000    0.002746936166688
 252.000000000000000    0.002755397021772
 253.000000000000000    0.002763805171636
 254.000000000000000    0.002772161772340
 255.000000000000000    0.002780467185692
 256.000000000000000    0.002788722293560
 257.000000000000000    0.002796927363879
 258.000000000000000    0.002805083311008
 259.000000000000000    0.002813190591006
 260.000000000000000    0.002821249927154
 261.000000000000000    0.002829261839655
 262.000000000000000    0.002837226948153
 263.000000000000000    0.002845145838914
 264.000000000000000    0.002853019083472
 265.000000000000000    0.002860847374703
 266.000000000000000    0.002868631040109
 267.000000000000000    0.002876370929359
 268.000000000000000    0.002884067514325
 269.000000000000000    0.002891721207461
 270.000000000000000    0.002899332727354
 271.000000000000000    0.002906902506278
 272.000000000000000    0.002914431348258
 273.000000000000000    0.002921919421254
 274.000000000000000    0.002929367602473
 275.000000000000000    0.002936776116534
 276.000000000000000    0.002944145840057
 277.000000000000000    0.002951476922538
 278.000000000000000    0.002958770122959
 279.000000000000000    0.002966025838004
 280.000000000000000    0.002973244711745
 281.000000000000000    0.002980427121821
 282.000000000000000    0.002987573434962
 283.000000000000000    0.002994684570177
 284.000000000000000    0.003001760362607
 285.000000000000000    0.003008802149221
 286.000000000000000    0.003015809617071
 287.000000000000000    0.003022783560644
 288.000000000000000    0.003029724285611
 289.000000000000000    0.003036632723888
 290.000000000000000    0.003043508912531
 291.000000000000000    0.003050353332614
 292.000000000000000    0.003057166591469
 293.000000000000000    0.003063948900237
 294.000000000000000    0.003070700993836
 295.000000000000000    0.003077422902988
 296.000000000000000    0.003084115652303
 297.000000000000000    0.003090779177259
 298.000000000000000    0.003097414035014
 299.000000000000000    0.003104020299449
 300.000000000000000    0.003110599274860
 301.000000000000000    0.003117150446109
 302.000000000000000    0.003123675048633
 303.000000000000000    0.003130172840851
 304.000000000000000    0.003136644204746
 305.000000000000000    0.003143089921836
 306.000000000000000    0.003149510222357
 307.000000000000000    0.003155905445522
 308.000000000000000    0.003162276024351
 309.000000000000000    0.003168622278195
 310.000000000000000    0.003174944568703
 311.000000000000000    0.003181243152068
 312.000000000000000    0.003187519084038
 313.000000000000000    0.003193771702814
 314.000000000000000    0.003200001645397
 315.000000000000000    0.003206210010555
 316.000000000000000    0.003212396400960
 317.000000000000000    0.003218561537514
 318.000000000000000    0.003224705329512
 319.000000000000000    0.003230828238951
 320.000000000000000    0.003236930948948
 321.000000000000000    0.003243013494202
 322.000000000000000    0.003249076749326
 323.000000000000000    0.003255119959849
 324.000000000000000    0.003261144657589
 325.000000000000000    0.003267150484425
 326.000000000000000    0.003273136980788
 327.000000000000000    0.003279106532969
 328.000000000000000    0.003285057180956
 329.000000000000000    0.003290990572832
 330.000000000000000    0.003296907089362
 331.000000000000000    0.003302806679646
 332.000000000000000    0.003308688942953
 333.000000000000000    0.003314555215270
 334.000000000000000    0.003320405800941
 335.000000000000000    0.003326240043441
 336.000000000000000    0.003332058952947
 337.000000000000000    0.003337862623546
 338.000000000000000    0.003343651203384
 339.000000000000000    0.003349425034999
 340.000000000000000    0.003355184793887
 341.000000000000000    0.003360930927602
 342.000000000000000    0.003366662212972
 343.000000000000000    0.003372380211500
 344.000000000000000    0.003378085128303
 345.000000000000000    0.003383776358806
 346.000000000000000    0.003389455188007
 347.000000000000000    0.003395121470903
 348.000000000000000    0.003400775529541
 349.000000000000000    0.003406416698304
 350.000000000000000    0.003412047413976
 351.000000000000000    0.003417665202806
 352.000000000000000    0.003423271511113
 353.000000000000000    0.003428867581598
 354.000000000000000    0.003434451639139
 355.000000000000000    0.003440026296268
 356.000000000000000    0.003445589438223
 357.000000000000000    0.003451142822725
 358.000000000000000    0.003456686145247
 359.000000000000000    0.003462219598823
 360.000000000000000    0.003467744043585
 361.000000000000000    0.003473259123384
 362.000000000000000    0.003478764473146
 363.000000000000000    0.003484261177551
 364.000000000000000    0.003489748417618
 365.000000000000000    0.003495228504355
 366.000000000000000    0.003500698836367
 367.000000000000000    0.003506161954134
 368.000000000000000    0.003511616658192
 369.000000000000000    0.003517064521231
 370.000000000000000    0.003522503859856
 371.000000000000000    0.003527936785476
 372.000000000000000    0.003533362112457
 373.000000000000000    0.003538780498419
 374.000000000000000    0.003544192134784
 375.000000000000000    0.003549597342801
 376.000000000000000    0.003554995911446
 377.000000000000000    0.003560388698743
 378.000000000000000    0.003565774408659
 379.000000000000000    0.003571156463416
 380.000000000000000    0.003576530250656
 381.000000000000000    0.003581900232378
 382.000000000000000    0.003587264350244
 383.000000000000000    0.003592623065259
 384.000000000000000    0.003597977267830
 385.000000000000000    0.003603326615363
 386.000000000000000    0.003608670915353
 387.000000000000000    0.003614010817396
 388.000000000000000    0.003619346179358
 389.000000000000000    0.003624678636086
 390.000000000000000    0.003630004808891
 391.000000000000000    0.003635329152389
 392.000000000000000    0.003640649056581
 393.000000000000000    0.003645965820955
 394.000000000000000    0.003651278471421
 395.000000000000000    0.003656588222182
 396.000000000000000    0.003661895090064
 397.000000000000000    0.003667199084530
 398.000000000000000    0.003672499510613
 399.000000000000000    0.003677797555578
 400.000000000000000    0.003683093539579
 401.000000000000000    0.003688387087956
 402.000000000000000    0.003693678050694
 403.000000000000000    0.003698966833112
 404.000000000000000    0.003704253424842
 405.000000000000000    0.003709539344932
 406.000000000000000    0.003714823072743
 407.000000000000000    0.003720103502510
 408.000000000000000    0.003725383587785
 409.000000000000000    0.003730662874878
 410.000000000000000    0.003735940865651
 411.000000000000000    0.003741218255109
 412.000000000000000    0.003746494685239
 413.000000000000000    0.003751767930312
 414.000000000000000    0.003757042612035
 415.000000000000000    0.003762316866532
 416.000000000000000    0.003767590834149
 417.000000000000000    0.003772862287701
 418.000000000000000    0.003778135413668
 419.000000000000000    0.003783408200326
 420.000000000000000    0.003788679594372
 421.000000000000000    0.003793952844949
 422.000000000000000    0.003799225240948
 423.000000000000000    0.003804498631725
 424.000000000000000    0.003809772405352
 425.000000000000000    0.003815046575167
 426.000000000000000    0.003820321023883
 427.000000000000000    0.003825597914253
 428.000000000000000    0.003830872900763
 429.000000000000000    0.003836151033514
 430.000000000000000    0.003841429532224
 431.000000000000000    0.003846708793427
 432.000000000000000    0.003851990218343
 433.000000000000000    0.003857271253176
 434.000000000000000    0.003862555571332
 435.000000000000000    0.003867840153991
 436.000000000000000    0.003873127055941
 437.000000000000000    0.003878417071298
 438.000000000000000    0.003883705732528
 439.000000000000000    0.003888997443830
 440.000000000000000    0.003894292244904
 441.000000000000000    0.003899588478853
 442.000000000000000    0.003904887946032
 443.000000000000000    0.003910189168433
 444.000000000000000    0.003915492172326
 445.000000000000000    0.003920797527277
 446.000000000000000    0.003926105742345
 447.000000000000000    0.003931417493527
 448.000000000000000    0.003936731432197
 449.000000000000000    0.003942047197106
 450.000000000000000    0.003947365902171
 451.000000000000000    0.003952688354913
 452.000000000000000    0.003958013953087
 453.000000000000000    0.003963342259450
 454.000000000000000    0.003968674775681
 455.000000000000000    0.003974009401238
 456.000000000000000    0.003979347924118
 457.000000000000000    0.003984689962325
 458.000000000000000    0.003990033888729
 459.000000000000000    0.003995382659905
 460.000000000000000    0.004000734011668
 461.000000000000000    0.004006090512753
 462.000000000000000    0.004011451108286
 463.000000000000000    0.004016814121136
 464.000000000000000    0.004022180700736
 465.000000000000000    0.004027553275829
 466.000000000000000    0.004032929150919
 467.000000000000000    0.004038308829960
 468.000000000000000    0.004043692196114
 469.000000000000000    0.004049079603871
 470.000000000000000    0.004054472802377
 471.000000000000000    0.004059870598382
 472.000000000000000    0.004065271487745
 473.000000000000000    0.004070676424411
 474.000000000000000    0.004076086131809
 475.000000000000000    0.004081502150808
 476.000000000000000    0.004086920429701
 477.000000000000000    0.004092344437684
 478.000000000000000    0.004097774139108
 479.000000000000000    0.004103208606879
 480.000000000000000    0.004108647609272
 481.000000000000000    0.004114090990306
 482.000000000000000    0.004119539177968
 483.000000000000000    0.004124993244957
 484.000000000000000    0.004130452112910
 485.000000000000000    0.004135916713331
 486.000000000000000    0.004141385398907
 487.000000000000000    0.004146860570430
 488.000000000000000    0.004152341181349
 489.000000000000000    0.004157826398967
 490.000000000000000    0.004163315746180
 491.000000000000000    0.004168813151247
 492.000000000000000    0.004174314292533
 493.000000000000000    0.004179821658696
 494.000000000000000    0.004185336027852
 495.000000000000000    0.004190853976470
 496.000000000000000    0.004196378697069
 497.000000000000000    0.004201908548871
 498.000000000000000    0.004207444768976
 499.000000000000000    0.004212986167850
 500.000000000000000    0.004218533509063
 501.000000000000000    0.004224087884871
 502.000000000000000    0.004229648088343
 503.000000000000000    0.004235213981764
 504.000000000000000    0.004240785684613
 505.000000000000000    0.004246363503220
 506.000000000000000    0.004251947152520
 507.000000000000000    0.004257537322008
 508.000000000000000    0.004263134203658
 509.000000000000000    0.004268736130930
 510.000000000000000    0.004274346818441
 511.000000000000000    0.004279961590498
 512.000000000000000    0.004285583164900
 513.000000000000000    0.004291211458125
 514.000000000000000    0.004296847133872
 515.000000000000000    0.004302487801394
 516.000000000000000    0.004308134582882
 517.000000000000000    0.004313789814842
 518.000000000000000    0.004319449664329
 519.000000000000000    0.004325117525985
 520.000000000000000    0.004330792460610
 521.000000000000000    0.004336472652505
 522.000000000000000    0.004342160315692
 523.000000000000000    0.004347854703963
 524.000000000000000    0.004353556282307
 525.000000000000000    0.004359263326173
 526.000000000000000    0.004364978311640
 527.000000000000000    0.004370700873533
 528.000000000000000    0.004376428998444
 529.000000000000000    0.004382163367133
 530.000000000000000    0.004387906849154
 531.000000000000000    0.004393656314692
 532.000000000000000    0.004399413254192
 533.000000000000000    0.004405176324894
 534.000000000000000    0.004410945968884
 535.000000000000000    0.004416725134931
 536.000000000000000    0.004422509423291
 537.000000000000000    0.004428302077517
 538.000000000000000    0.004434100034050
 539.000000000000000    0.004439906363877
 540.000000000000000    0.004445720933016
 541.000000000000000    0.004451542403102
 542.000000000000000    0.004457369416345
 543.000000000000000    0.004463205290576
 544.000000000000000    0.004469046757417
 545.000000000000000    0.004474896684406
 546.000000000000000    0.004480755305045
 547.000000000000000    0.004486620348100
 548.000000000000000    0.004492491556906
 549.000000000000000    0.004498370312613
 550.000000000000000    0.004504256523239
 551.000000000000000    0.004510153055839
 552.000000000000000    0.004516053357602
 553.000000000000000    0.004521963195738
 554.000000000000000    0.004527879663426
 555.000000000000000    0.004533804497268
 556.000000000000000    0.004539736318670
 557.000000000000000    0.004545674507262
 558.000000000000000    0.004551623542401
 559.000000000000000    0.004557578778994
 560.000000000000000    0.004563539721449
 561.000000000000000    0.004569510712772
 562.000000000000000    0.004575487685203
 563.000000000000000    0.004581473464220
 564.000000000000000    0.004587465389723
 565.000000000000000    0.004593465992327
 566.000000000000000    0.004599474272887
 567.000000000000000    0.004605489439016
 568.000000000000000    0.004611513230882
 569.000000000000000    0.004617546484412
 570.000000000000000    0.004623587177140
 571.000000000000000    0.004629632635994
 572.000000000000000    0.004635687033750
 573.000000000000000    0.004641747753196
 574.000000000000000    0.004647819400213
 575.000000000000000    0.004653898109686
 576.000000000000000    0.004659984357564
 577.000000000000000    0.004666075199456
 578.000000000000000    0.004672177660207
 579.000000000000000    0.004678286605577
 580.000000000000000    0.004684404004879
 581.000000000000000    0.004690527653318
 582.000000000000000    0.004696663440513
 583.000000000000000    0.004702804624448
 584.000000000000000    0.004708951498917
 585.000000000000000    0.004715110030661
 586.000000000000000    0.004721272253676
 587.000000000000000    0.004727445279195
 588.000000000000000    0.004733625938905
 589.000000000000000    0.004739814054040
 590.000000000000000    0.004746008817785
 591.000000000000000    0.004752210631110
 592.000000000000000    0.004758426505634
 593.000000000000000    0.004764646631172
 594.000000000000000    0.004770874888765
 595.000000000000000    0.004777107255587
 596.000000000000000    0.004783353647244
 597.000000000000000    0.004789604061188
 598.000000000000000    0.004795864287860
 599.000000000000000    0.004802131136761
 600.000000000000000    0.004808408489700
 601.000000000000000    0.004814692670511
 602.000000000000000    0.004820982100678
 603.000000000000000    0.004827280943302
 604.000000000000000    0.004833588127780
 605.000000000000000    0.004839902945105
 606.000000000000000    0.004846227807577
 607.000000000000000    0.004852560097446
 608.000000000000000    0.004858899611123
 609.000000000000000    0.004865246278660
 610.000000000000000    0.004871603399177
 611.000000000000000    0.004877966631915
 612.000000000000000    0.004884333945436
 613.000000000000000    0.004890713514435
 614.000000000000000    0.004897101087797
 615.000000000000000    0.004903496756210
 616.000000000000000    0.004909900028494
 617.000000000000000    0.004916312766419
 618.000000000000000    0.004922729780527
 619.000000000000000    0.004929157119624
 620.000000000000000    0.004935589863504
 621.000000000000000    0.004942032719749
 622.000000000000000    0.004948483865497
 623.000000000000000    0.004954947240628
 624.000000000000000    0.004961409481086
 625.000000000000000    0.004967887108219
 626.000000000000000    0.004974366848432
 627.000000000000000    0.004980860271380
 628.000000000000000    0.004987356706507
 629.000000000000000    0.004993866106317
 630.000000000000000    0.005000376934883
 631.000000000000000    0.005006899368851
 632.000000000000000    0.005013429139664
 633.000000000000000    0.005019969568612
 634.000000000000000    0.005026517044722
 635.000000000000000    0.005033068393139
 636.000000000000000    0.005039630135031
 637.000000000000000    0.005046200541221
 638.000000000000000    0.005052775543503
 639.000000000000000    0.005059362674180
 640.000000000000000    0.005065957890008
 641.000000000000000    0.005072557492904
 642.000000000000000    0.005079165119794
 643.000000000000000    0.005085784860739
 644.000000000000000    0.005092409887623
 645.000000000000000    0.005099042544328
 646.000000000000000    0.005105682360019
 647.000000000000000    0.005112328131497
 648.000000000000000    0.005118986653862
 649.000000000000000    0.005125646585286
 650.000000000000000    0.005132321476091
 651.000000000000000    0.005138997720867
 652.000000000000000    0.005145688515761
 653.000000000000000    0.005152379483772
 654.000000000000000    0.005159088531181
 655.000000000000000    0.005165794272495
 656.000000000000000    0.005172509160331
 657.000000000000000    0.005179239678863
 658.000000000000000    0.005185968657159
 659.000000000000000    0.005192712947999
 660.000000000000000    0.005199460722152
 661.000000000000000    0.005206215490293
 662.000000000000000    0.005212980569999
 663.000000000000000    0.005219751228234
 664.000000000000000    0.005226532852376
 665.000000000000000    0.005233321677323
 666.000000000000000    0.005240111861010
 667.000000000000000    0.005246915432763
 668.000000000000000    0.005253726499291
 669.000000000000000    0.005260539144680
 670.000000000000000    0.005267365047609
 671.000000000000000    0.005274202643993
 672.000000000000000    0.005281041267452
 673.000000000000000    0.005287887066243
 674.000000000000000    0.005294741476620
 675.000000000000000    0.005301606794926
 676.000000000000000    0.005308472933856
 677.000000000000000    0.005315350343732
 678.000000000000000    0.005322232485460
 679.000000000000000    0.005329126711808
 680.000000000000000    0.005336027516342
 681.000000000000000    0.005342934314374
 682.000000000000000    0.005349849379977
 683.000000000000000    0.005356770161873
 684.000000000000000    0.005363703222146
 685.000000000000000    0.005370640685057
 686.000000000000000    0.005377579757640
 687.000000000000000    0.005384531764602
 688.000000000000000    0.005391488527131
 689.000000000000000    0.005398460479053
 690.000000000000000    0.005405431906233
 691.000000000000000    0.005412406703924
 692.000000000000000    0.005419396046955
 693.000000000000000    0.005426392094646
 694.000000000000000    0.005433393557064
 695.000000000000000    0.005440404197465
 696.000000000000000    0.005447416199984
 697.000000000000000    0.005454443748784
 698.000000000000000    0.005461471182039
 699.000000000000000    0.005468511069526
 700.000000000000000    0.005475554957837
 701.000000000000000    0.005482606300669
 702.000000000000000    0.005489661222914
 703.000000000000000    0.005496727273273
 704.000000000000000    0.005503798759770
 705.000000000000000    0.005510883001169
 706.000000000000000    0.005517965327816
 707.000000000000000    0.005525060862182
 708.000000000000000    0.005532160468895
 709.000000000000000    0.005539269125657
 710.000000000000000    0.005546383216136
 711.000000000000000    0.005553502995942
 712.000000000000000    0.005560632870301
 713.000000000000000    0.005567766036809
 714.000000000000000    0.005574909447433
 715.000000000000000    0.005582061467748
 716.000000000000000    0.005589215016019
 717.000000000000000    0.005596372354630
 718.000000000000000    0.005603544828779
 719.000000000000000    0.005610716209511
 720.000000000000000    0.005617900174867
 721.000000000000000    0.005625089588962
 722.000000000000000    0.005632287269746
 723.000000000000000    0.005639486364707
 724.000000000000000    0.005646699706280
 725.000000000000000    0.005653906616122
 726.000000000000000    0.005661129876072
 727.000000000000000    0.005668361788039
 728.000000000000000    0.005675597158180
 729.000000000000000    0.005682833894202
 730.000000000000000    0.005690082422275
 731.000000000000000    0.005697339958349
 732.000000000000000    0.005704598774345
 733.000000000000000    0.005711867921437
 734.000000000000000    0.005719139921999
 735.000000000000000    0.005726421453566
 736.000000000000000    0.005733700954299
 737.000000000000000    0.005741001102139
 738.000000000000000    0.005748296167500
 739.000000000000000    0.005755601043882
 740.000000000000000    0.005762911583738
 741.000000000000000    0.005770232927319
 742.000000000000000    0.005777555621788
 743.000000000000000    0.005784885172413
 744.000000000000000    0.005792223661605
 745.000000000000000    0.005799563828788
 746.000000000000000    0.005806913604522
 747.000000000000000    0.005814265505504
 748.000000000000000    0.005821630110469
 749.000000000000000    0.005828994571703
 750.000000000000000    0.005836360849673
 751.000000000000000    0.005843745143774
 752.000000000000000    0.005851125179687
 753.000000000000000    0.005858520374446
 754.000000000000000    0.005865909320250
 755.000000000000000    0.005873314370223
 756.000000000000000    0.005880728082793
 757.000000000000000    0.005888135151682
 758.000000000000000    0.005895553116725
 759.000000000000000    0.005902980044620
 760.000000000000000    0.005910408443785
 761.000000000000000    0.005917846314405
 762.000000000000000    0.005925296957160
 763.000000000000000    0.005932741294038
 764.000000000000000    0.005940189565198
 765.000000000000000    0.005947654877630
 766.000000000000000    0.005955118281151
 767.000000000000000    0.005962594275857
 768.000000000000000    0.005970066578885
 769.000000000000000    0.005977551517331
 770.000000000000000    0.005985032728183
 771.000000000000000    0.005992529906459
 772.000000000000000    0.006000026693157
 773.000000000000000    0.006007526731197
 774.000000000000000    0.006015035625171
 775.000000000000000    0.006022555311371
 776.000000000000000    0.006030067478571
 777.000000000000000    0.006037600205382
 778.000000000000000    0.006045123159748
 779.000000000000000    0.006052662466337
 780.000000000000000    0.006060202103156
 781.000000000000000    0.006067751453608
 782.000000000000000    0.006075300490436
 783.000000000000000    0.006082854403794
 784.000000000000000    0.006090420778078
 785.000000000000000    0.006097978718403
 786.000000000000000    0.006105553910148
 787.000000000000000    0.006113129054682
 788.000000000000000    0.006120706949443
 789.000000000000000    0.006128293929333
 790.000000000000000    0.006135897895996
 791.000000000000000    0.006143485939491
 792.000000000000000    0.006151087104010
 793.000000000000000    0.006158694689864
 794.000000000000000    0.006166302054399
 795.000000000000000    0.006173922317701
 796.000000000000000    0.006181535227562
 797.000000000000000    0.006189163198648
 798.000000000000000    0.006196788681442
 799.000000000000000    0.006204427737421
 800.000000000000000    0.006212071097947
 801.000000000000000    0.006219713403124
 802.000000000000000    0.006227362182065
 803.000000000000000    0.006235008546813
 804.000000000000000    0.006242673631367
 805.000000000000000    0.006250338629690
 806.000000000000000    0.006257997677595
 807.000000000000000    0.006265667890869
 808.000000000000000    0.006273354679942
 809.000000000000000    0.006281019727219
 810.000000000000000    0.006288709778998
 811.000000000000000    0.006296396984954
 812.000000000000000    0.006304087128388
 813.000000000000000    0.006311781424017
 814.000000000000000    0.006319487945422
 815.000000000000000    0.006327194927478
 816.000000000000000    0.006334897980210
 817.000000000000000    0.006342610602695
 818.000000000000000    0.006350338187849
 819.000000000000000    0.006358058819915
 820.000000000000000    0.006365782637404
 821.000000000000000    0.006373519498140
 822.000000000000000    0.006381253432774
 823.000000000000000    0.006388986074267
 824.000000000000000    0.006396734255899
 825.000000000000000    0.006404469161993
 826.000000000000000    0.006412234914147
 827.000000000000000    0.006419978125993
 828.000000000000000    0.006427737374566
 829.000000000000000    0.006435507436631
 830.000000000000000    0.006443259427555
 831.000000000000000    0.006451029757713
 832.000000000000000    0.006458800028610
 833.000000000000000    0.006466580485743
 834.000000000000000    0.006474358885859
 835.000000000000000    0.006482150368930
 836.000000000000000    0.006489937176577
 837.000000000000000    0.006497720342611
 838.000000000000000    0.006505524991630
 839.000000000000000    0.006513310798218
 840.000000000000000    0.006521117310496
 841.000000000000000    0.006528918048394
 842.000000000000000    0.006536724338576
 843.000000000000000    0.006544536299606
 844.000000000000000    0.006552351043005
 845.000000000000000    0.006560176525826
 846.000000000000000    0.006567993132259
 847.000000000000000    0.006575823382808
 848.000000000000000    0.006583645707245
 849.000000000000000    0.006591472278076
 850.000000000000000    0.006599306366272
 851.000000000000000    0.006607142691952
 852.000000000000000    0.006614986013569
 853.000000000000000    0.006622831429563
 854.000000000000000    0.006630670329836
 855.000000000000000    0.006638522961084
 856.000000000000000    0.006646373263891
 857.000000000000000    0.006654226380600
 858.000000000000000    0.006662094814201
 859.000000000000000    0.006669946863704
 860.000000000000000    0.006677807724936
 861.000000000000000    0.006685679270896
 862.000000000000000    0.006693547986161
 863.000000000000000    0.006701414284793
 864.000000000000000    0.006709306529520
 865.000000000000000    0.006717164582710
 866.000000000000000    0.006725050218234
 867.000000000000000    0.006732929661340
 868.000000000000000    0.006740824034780
 869.000000000000000    0.006748712258393
 870.000000000000000    0.006756594722733
 871.000000000000000    0.006764485684242
 872.000000000000000    0.006772390950216
 873.000000000000000    0.006780281953464
 874.000000000000000    0.006788189391429
 875.000000000000000    0.006796086815494
 876.000000000000000    0.006803989749507
 877.000000000000000    0.006811899694947
 878.000000000000000    0.006819806260532
 879.000000000000000    0.006827714999118
 880.000000000000000    0.006835634133021
 881.000000000000000    0.006843543399196
 882.000000000000000    0.006851467420132
 883.000000000000000    0.006859381281007
 884.000000000000000    0.006867303398736
 885.000000000000000    0.006875225387253
 886.000000000000000    0.006883159685373
 887.000000000000000    0.006891078839054
 888.000000000000000    0.006899011107191
 889.000000000000000    0.006906946810722
 890.000000000000000    0.006914883594350
 891.000000000000000    0.006922806362880
 892.000000000000000    0.006930741409561
 893.000000000000000    0.006938687096245
 894.000000000000000    0.006946621734240
 895.000000000000000    0.006954569288053
 896.000000000000000    0.006962510111622
 897.000000000000000    0.006970456547248
 898.000000000000000    0.006978408295536
 899.000000000000000    0.006986355373508
 900.000000000000000    0.006994305174009
 901.000000000000000    0.007002263269677
 902.000000000000000    0.007010215992579
 903.000000000000000    0.007018167816735
 904.000000000000000    0.007026123688818
 905.000000000000000    0.007034080761320
 906.000000000000000    0.007042045942155
 907.000000000000000    0.007049999386141
 908.000000000000000    0.007057963487074
 909.000000000000000    0.007065920592990
 910.000000000000000    0.007073891385571
 911.000000000000000    0.007081850615508
 912.000000000000000    0.007089819556299
 913.000000000000000    0.007097791118036
 914.000000000000000    0.007105750565234
 915.000000000000000    0.007113732764648
 916.000000000000000    0.007121699172716
 917.000000000000000    0.007129667745808
 918.000000000000000    0.007137651441595
 919.000000000000000    0.007145614558338
 920.000000000000000    0.007153591910956
 921.000000000000000    0.007161555955709
 922.000000000000000    0.007169546651426
 923.000000000000000    0.007177519242570
 924.000000000000000    0.007185499140078
 925.000000000000000    0.007193478474390
 926.000000000000000    0.007201457571989
 927.000000000000000    0.007209428815808
 928.000000000000000    0.007217410277884
 929.000000000000000    0.007225396326153
 930.000000000000000    0.007233382744804
 931.000000000000000    0.007241355956513
 932.000000000000000    0.007249343951661
 933.000000000000000    0.007257322049526
 934.000000000000000    0.007265308738957
 935.000000000000000    0.007273299611487
 936.000000000000000    0.007281274599688
 937.000000000000000    0.007289256197561
 938.000000000000000    0.007297245836200
 939.000000000000000    0.007305227457011
 940.000000000000000    0.007313215828482
 941.000000000000000    0.007321205783158
 942.000000000000000    0.007329195416307
 943.000000000000000    0.007337178419019
 944.000000000000000    0.007345156279123
 945.000000000000000    0.007353144116240
 946.000000000000000    0.007361134738260
 947.000000000000000    0.007369118317878
 948.000000000000000    0.007377103397903
 949.000000000000000    0.007385095244069
 950.000000000000000    0.007393081782110
 951.000000000000000    0.007401061199931
 952.000000000000000    0.007409055283344
 953.000000000000000    0.007417039622380
 954.000000000000000    0.007425019043777
 955.000000000000000    0.007433017619736
 956.000000000000000    0.007440992966433
 957.000000000000000    0.007448975915658
 958.000000000000000    0.007456966485068
 959.000000000000000    0.007464954757025
 960.000000000000000    0.007472934223608
 961.000000000000000    0.007480916193986
 962.000000000000000    0.007488900695102
 963.000000000000000    0.007496882834992
 964.000000000000000    0.007504864844006
 965.000000000000000    0.007512849000228
 966.000000000000000    0.007520828692306
 967.000000000000000    0.007528801293155
 968.000000000000000    0.007536794914304
 969.000000000000000    0.007544765240215
 970.000000000000000    0.007552743458792
 971.000000000000000    0.007560734474587
 972.000000000000000    0.007568698080019
 973.000000000000000    0.007576678175476
 974.000000000000000    0.007584657776428
 975.000000000000000    0.007592625657257
 976.000000000000000    0.007600609660560
 977.000000000000000    0.007608571456640
 978.000000000000000    0.007616547275510
 979.000000000000000    0.007624520222964
 980.000000000000000    0.007632492189570
 981.000000000000000    0.007640464407331
 982.000000000000000    0.007648428816707
 983.000000000000000    0.007656395089003
 984.000000000000000    0.007664357936234
 985.000000000000000    0.007672319491004
 986.000000000000000    0.007680288068624
 987.000000000000000    0.007688243108749
 988.000000000000000    0.007696205504909
 989.000000000000000    0.007704164616523
 990.000000000000000    0.007712120680837
 991.000000000000000    0.007720079065735
 992.000000000000000    0.007728045469316
 993.000000000000000    0.007735991669092
 994.000000000000000    0.007743944584432
 995.000000000000000    0.007751892841863
 996.000000000000000    0.007759847460738
 997.000000000000000    0.007767796067605
 998.000000000000000    0.007775739755374
 999.000000000000000    0.007783688434640
1000.000000000000000    0.007791632226315
1001.000000000000000    0.007799565335434
1002.000000000000000    0.007807507264198
1003.000000000000000    0.007815456024098
1004.000000000000000    0.007823398657240
1005.000000000000000    0.007831324128617
1006.000000000000000    0.007839263798297
1007.000000000000000    0.007847188084678
1008.000000000000000    0.007855125675543
1009.000000000000000    0.007863042627076
1010.000000000000000    0.007870967306924
1011.000000000000000    0.007878896262895
1012.000000000000000    0.007886821607235
1013.000000000000000    0.007894739484474
1014.000000000000000    0.007902660830559
1015.000000000000000    0.007910575935083
1016.000000000000000    0.007918494882907
1017.000000000000000    0.007926401604276
1018.000000000000000    0.007934307166558
1019.000000000000000    0.007942237758289
1020.000000000000000    0.007950123795883
1021.000000000000000    0.007958029950076
1022.000000000000000    0.007965941166544
1023.000000000000000    0.007973825312162
1024.000000000000000    0.007981724878997
1025.000000000000000    0.007989621246156
1026.000000000000000    0.007997504065986
1027.000000000000000    0.008005402468467
1028.000000000000000    0.008013286900303
1029.000000000000000    0.008021163661377
1030.000000000000000    0.008029054136426
1031.000000000000000    0.008036932798199
1032.000000000000000    0.008044813179970
1033.000000000000000    0.008052681966350
1034.000000000000000    0.008060551383299
1035.000000000000000    0.008068419458509
1036.000000000000000    0.008076290782280
1037.000000000000000    0.008084159050783
1038.000000000000000    0.008092009930755
1039.000000000000000    0.008099869248727
1040.000000000000000    0.008107725503052
1041.000000000000000    0.008115584227795
1042.000000000000000    0.008123430506601
1043.000000000000000    0.008131278161499
1044.000000000000000    0.008139134930448
1045.000000000000000    0.008146965975056
1046.000000000000000    0.008154798211996
1047.000000000000000    0.008162637980254
1048.000000000000000    0.008170473379062
1049.000000000000000    0.008178301368702
1050.000000000000000    0.008186129621531
1051.000000000000000    0.008193949542617
1052.000000000000000    0.008201769446686
1053.000000000000000    0.008209585194271
1054.000000000000000    0.008217413941123
1055.000000000000000    0.008225231669215
1056.000000000000000    0.008233030025754
1057.000000000000000    0.008240837381784
1058.000000000000000    0.008248616427075
1059.000000000000000    0.008256433338996
1060.000000000000000    0.008264216924102
1061.000000000000000    0.008272020623722
1062.000000000000000    0.008279814840778
1063.000000000000000    0.008287594349402
1064.000000000000000    0.008295372305804
1065.000000000000000    0.008303151520802
1066.000000000000000    0.008310928108940
1067.000000000000000    0.008318704287827
1068.000000000000000    0.008326457611517
1069.000000000000000    0.008334238036442
1070.000000000000000    0.008341986887910
1071.000000000000000    0.008349759531517
1072.000000000000000    0.008357506885797
1073.000000000000000    0.008365251302878
1074.000000000000000    0.008372988970784
1075.000000000000000    0.008380735271839
1076.000000000000000    0.008388476131268
1077.000000000000000    0.008396216904248
1078.000000000000000    0.008403941900502
1079.000000000000000    0.008411679976335
1080.000000000000000    0.008419402283029
1081.000000000000000    0.008427124918850
1082.000000000000000    0.008434846294640
1083.000000000000000    0.008442539828380
1084.000000000000000    0.008450258190756
1085.000000000000000    0.008457964856212
1086.000000000000000    0.008465653770253
1087.000000000000000    0.008473359520060
1088.000000000000000    0.008481045949994
1089.000000000000000    0.008488734430498
1090.000000000000000    0.008496420666620
1091.000000000000000    0.008504097921488
1092.000000000000000    0.008511779451646
1093.000000000000000    0.008519451588042
1094.000000000000000    0.008527121507030
1095.000000000000000    0.008534786869695
1096.000000000000000    0.008542445079074
1097.000000000000000    0.008550094197592
1098.000000000000000    0.008557746784987
1099.000000000000000    0.008565398849009
1100.000000000000000    0.008573030748840
1101.000000000000000    0.008580684640695
1102.000000000000000    0.008588308510893
1103.000000000000000    0.008595943481464
1104.000000000000000    0.008603562094097
1105.000000000000000    0.008611192063475
1106.000000000000000    0.008618809348919
1107.000000000000000    0.008626418212933
1108.000000000000000    0.008634013590839
1109.000000000000000    0.008641625592928
1110.000000000000000    0.008649222773889
1111.000000000000000    0.008656819632431
1112.000000000000000    0.008664414698138
1113.000000000000000    0.008671979656240
1114.000000000000000    0.008679576466121
1115.000000000000000    0.008687158467544
1116.000000000000000    0.008694729831744
1117.000000000000000    0.008702288409528
1118.000000000000000    0.008709855828767
1119.000000000000000    0.008717427237285
1120.000000000000000    0.008724956773835
1121.000000000000000    0.008732527947854
1122.000000000000000    0.008740050707809
1123.000000000000000    0.008747607188219
1124.000000000000000    0.008755129144694
1125.000000000000000    0.008762653981006
1126.000000000000000    0.008770186989334
1127.000000000000000    0.008777696422569
1128.000000000000000    0.008785215646756
1129.000000000000000    0.008792720674052
1130.000000000000000    0.008800228007623
1131.000000000000000    0.008807721594225
1132.000000000000000    0.008815220336827
1133.000000000000000    0.008822713995677
1134.000000000000000    0.008830190411599
1135.000000000000000    0.008837676371843
1136.000000000000000    0.008845149458741
1137.000000000000000    0.008852615529033
1138.000000000000000    0.008860072483156
1139.000000000000000    0.008867535047222
1140.000000000000000    0.008874996596140
1141.000000000000000    0.008882442120154
1142.000000000000000    0.008889880846346
1143.000000000000000    0.008897324881456
1144.000000000000000    0.008904756572300
1145.000000000000000    0.008912179920010
1146.000000000000000    0.008919590240735
1147.000000000000000    0.008927006836612
1148.000000000000000    0.008934424728330
1149.000000000000000    0.008941829527095
1150.000000000000000    0.008949231151330
1151.000000000000000    0.008956632912968
1152.000000000000000    0.008964017956750
1153.000000000000000    0.008971405594309
1154.000000000000000    0.008978782439296
1155.000000000000000    0.008986157833935
1156.000000000000000    0.008993528597667
1157.000000000000000    0.009000904175178
1158.000000000000000    0.009008266296966
1159.000000000000000    0.009015610473717
1160.000000000000000    0.009022934922002
1161.000000000000000    0.009030288993883
1162.000000000000000    0.009037620254738
1163.000000000000000    0.009044939487973
1164.000000000000000    0.009052274033382
1165.000000000000000    0.009059587623257
1166.000000000000000    0.009066913919219
1167.000000000000000    0.009074219929256
1168.000000000000000    0.009081517483365
1169.000000000000000    0.009088803066366
1170.000000000000000    0.009096103377044
1171.000000000000000    0.009103393504792
1172.000000000000000    0.009110661220898
1173.000000000000000    0.009117924766240
1174.000000000000000    0.009125196650699
1175.000000000000000    0.009132464366699
1176.000000000000000    0.009139717490559
1177.000000000000000    0.009146968467414
1178.000000000000000    0.009154214594208
1179.000000000000000    0.009161457735951
1180.000000000000000    0.009168685430408
1181.000000000000000    0.009175910808216
1182.000000000000000    0.009183125644580
1183.000000000000000    0.009190343460041
1184.000000000000000    0.009197545187933
1185.000000000000000    0.009204750690511
1186.000000000000000    0.009211960306075
1187.000000000000000    0.009219143199920
1188.000000000000000    0.009226328341543
1189.000000000000000    0.009233494925694
1190.000000000000000    0.009240670735684
1191.000000000000000    0.009247837385510
1192.000000000000000    0.009255000726888
1193.000000000000000    0.009262160235875
1194.000000000000000    0.009269306637139
1195.000000000000000    0.009276443372407
1196.000000000000000    0.009283596028902
1197.000000000000000    0.009290706986891
1198.000000000000000    0.009297823668397
1199.000000000000000    0.009304956359442
1200.000000000000000    0.009312046676907
