   0.000000000000000       -11.827452838936784
   1.000000000000000       -11.827452839321095
   2.000000000000000       -11.827452831847701
   3.000000000000000       -11.827452821488350
   4.000000000000000       -11.827452798303330
   5.000000000000000       -11.827452767653588
   6.000000000000000       -11.827452717719380
   7.000000000000000       -11.827452650992285
   8.000000000000000       -11.827452568968639
   9.000000000000000       -11.827452467142955
  10.000000000000000       -11.827452344151141
  11.000000000000000       -11.827452203593426
  12.000000000000000       -11.827452044677415
  13.000000000000000       -11.827451861862162
  14.000000000000000       -11.827451665471450
  15.000000000000000       -11.827451449252212
  16.000000000000000       -11.827451218414204
  17.000000000000000       -11.827450975840689
  18.000000000000000       -11.827450720924624
  19.000000000000000       -11.827450454699825
  20.000000000000000       -11.827450188476462
  21.000000000000000       -11.827449914964586
  22.000000000000000       -11.827449643003494
  23.000000000000000       -11.827449378920004
  24.000000000000000       -11.827449119252247
  25.000000000000000       -11.827448869264327
  26.000000000000000       -11.827448638245169
  27.000000000000000       -11.827448429304264
  28.000000000000000       -11.827448246293384
  29.000000000000000       -11.827448091493620
  30.000000000000000       -11.827447976454888
  31.000000000000000       -11.827447907310477
  32.000000000000000       -11.827447884062678
  33.000000000000000       -11.827447922259498
  34.000000000000000       -11.827448023626333
  35.000000000000000       -11.827448197116475
  36.000000000000000       -11.827448455802353
  37.000000000000000       -11.827448804567531
  38.000000000000000       -11.827449253670558
  39.000000000000000       -11.827449815777992
  40.000000000000000       -11.827450497249623
  41.000000000000000       -11.827451311910728
  42.000000000000000       -11.827452277268934
  43.000000000000000       -11.827453393747987
  44.000000000000000       -11.827454683858095
  45.000000000000000       -11.827456157557696
  46.000000000000000       -11.827457832122262
  47.000000000000000       -11.827459717855287
  48.000000000000000       -11.827461827229504
  49.000000000000000       -11.827464187971380
  50.000000000000000       -11.827466799380815
  51.000000000000000       -11.827469690502786
  52.000000000000000       -11.827472870769808
  53.000000000000000       -11.827476362185235
  54.000000000000000       -11.827480173578511
  55.000000000000000       -11.827484338549263
  56.000000000000000       -11.827488856376080
  57.000000000000000       -11.827493753950671
  58.000000000000000       -11.827499050959430
  59.000000000000000       -11.827504760323164
  60.000000000000000       -11.827510911154222
  61.000000000000000       -11.827517510382297
  62.000000000000000       -11.827524579884415
  63.000000000000000       -11.827532146006273
  64.000000000000000       -11.827540224451953
  65.000000000000000       -11.827548829537085
  66.000000000000000       -11.827557987577634
  67.000000000000000       -11.827567712525488
  68.000000000000000       -11.827578024571318
  69.000000000000000       -11.827588948428206
  70.000000000000000       -11.827600498254045
  71.000000000000000       -11.827612697487313
  72.000000000000000       -11.827625559736417
  73.000000000000000       -11.827639112582231
  74.000000000000000       -11.827653361789121
  75.000000000000000       -11.827668339894370
  76.000000000000000       -11.827684065920318
  77.000000000000000       -11.827700546136244
  78.000000000000000       -11.827717808319861
  79.000000000000000       -11.827735873354968
  80.000000000000000       -11.827754752686870
  81.000000000000000       -11.827774469233956
  82.000000000000000       -11.827795041331989
  83.000000000000000       -11.827816482391295
  84.000000000000000       -11.827838814172129
  85.000000000000000       -11.827862055327250
  86.000000000000000       -11.827886216568775
  87.000000000000000       -11.827911324060278
  88.000000000000000       -11.827937387453732
  89.000000000000000       -11.827964427876648
  90.000000000000000       -11.827992456113209
  91.000000000000000       -11.828021496470390
  92.000000000000000       -11.828051565243859
  93.000000000000000       -11.828082662967612
  94.000000000000000       -11.828114822192028
  95.000000000000000       -11.828148049609515
  96.000000000000000       -11.828182365135662
  97.000000000000000       -11.828217781939248
  98.000000000000000       -11.828254311621208
  99.000000000000000       -11.828291972194139
 100.000000000000000       -11.828330770189661
 101.000000000000000       -11.828370731806086
 102.000000000000000       -11.828411863088194
 103.000000000000000       -11.828454174722790
 104.000000000000000       -11.828497687216659
 105.000000000000000       -11.828542412341175
 106.000000000000000       -11.828588356863373
 107.000000000000000       -11.828635535718357
 108.000000000000000       -11.828683961417518
 109.000000000000000       -11.828733649940016
 110.000000000000000       -11.828784602090039
 111.000000000000000       -11.828836841001891
 112.000000000000000       -11.828890370347251
 113.000000000000000       -11.828945202954259
 114.000000000000000       -11.829001349124487
 115.000000000000000       -11.829058821670627
 116.000000000000000       -11.829117624580567
 117.000000000000000       -11.829177776032250
 118.000000000000000       -11.829239282719248
 119.000000000000000       -11.829302149764411
 120.000000000000000       -11.829366394284214
 121.000000000000000       -11.829432018981271
 122.000000000000000       -11.829499034424760
 123.000000000000000       -11.829567448213396
 124.000000000000000       -11.829637270111908
 125.000000000000000       -11.829708505534889
 126.000000000000000       -11.829781165735060
 127.000000000000000       -11.829855258290019
 128.000000000000000       -11.829930788295560
 129.000000000000000       -11.830007766056680
 130.000000000000000       -11.830086196916396
 131.000000000000000       -11.830166086514000
 132.000000000000000       -11.830247444128869
 133.000000000000000       -11.830330278802693
 134.000000000000000       -11.830414589440329
 135.000000000000000       -11.830500386191272
 136.000000000000000       -11.830587676758881
 137.000000000000000       -11.830676461356926
 138.000000000000000       -11.830766751152741
 139.000000000000000       -11.830858550017306
 140.000000000000000       -11.830951864721582
 141.000000000000000       -11.831046695914708
 142.000000000000000       -11.831143052827320
 143.000000000000000       -11.831240938655004
 144.000000000000000       -11.831340356474273
 145.000000000000000       -11.831441314716301
 146.000000000000000       -11.831543814515035
 147.000000000000000       -11.831647858275979
 148.000000000000000       -11.831753456830024
 149.000000000000000       -11.831860608153031
 150.000000000000000       -11.831969317372453
 151.000000000000000       -11.832079586646795
 152.000000000000000       -11.832191421612567
 153.000000000000000       -11.832304826035456
 154.000000000000000       -11.832419801454577
 155.000000000000000       -11.832536350540662
 156.000000000000000       -11.832654478290927
 157.000000000000000       -11.832774187061760
 158.000000000000000       -11.832895477109817
 159.000000000000000       -11.833018354001975
 160.000000000000000       -11.833142819087882
 161.000000000000000       -11.833268874716653
 162.000000000000000       -11.833396520854361
 163.000000000000000       -11.833525762129051
 164.000000000000000       -11.833656601446403
 165.000000000000000       -11.833789037358695
 166.000000000000000       -11.833923073378477
 167.000000000000000       -11.834058712203028
 168.000000000000000       -11.834195952382126
 169.000000000000000       -11.834334799995199
 170.000000000000000       -11.834475252913684
 171.000000000000000       -11.834617313545989
 172.000000000000000       -11.834760980278341
 173.000000000000000       -11.834906259557627
 174.000000000000000       -11.835053147072259
 175.000000000000000       -11.835201648717559
 176.000000000000000       -11.835351760002446
 177.000000000000000       -11.835503485409266
 178.000000000000000       -11.835656824171609
 179.000000000000000       -11.835811778051191
 180.000000000000000       -11.835968347226606
 181.000000000000000       -11.836126531025149
 182.000000000000000       -11.836286330144048
 183.000000000000000       -11.836447743608961
 184.000000000000000       -11.836610774680320
 185.000000000000000       -11.836775420976405
 186.000000000000000       -11.836941682158262
 187.000000000000000       -11.837109561719847
 188.000000000000000       -11.837279055577369
 189.000000000000000       -11.837450168862263
 190.000000000000000       -11.837622894428366
 191.000000000000000       -11.837797234960528
 192.000000000000000       -11.837973192747464
 193.000000000000000       -11.838150763932013
 194.000000000000000       -11.838329949533907
 195.000000000000000       -11.838510748464545
 196.000000000000000       -11.838693160638046
 197.000000000000000       -11.838877185350023
 198.000000000000000       -11.839062823052284
 199.000000000000000       -11.839250071958109
 200.000000000000000       -11.839438929058483
 201.000000000000000       -11.839629397170265
 202.000000000000000       -11.839821473122445
 203.000000000000000       -11.840015159038275
 204.000000000000000       -11.840210448456887
 205.000000000000000       -11.840407345534183
 206.000000000000000       -11.840605848438697
 207.000000000000000       -11.840805954017821
 208.000000000000000       -11.841007660228932
 209.000000000000000       -11.841210969670621
 210.000000000000000       -11.841415878561945
 211.000000000000000       -11.841622390387547
 212.000000000000000       -11.841830493946318
 213.000000000000000       -11.842040197034658
 214.000000000000000       -11.842251494626039
 215.000000000000000       -11.842464385740401
 216.000000000000000       -11.842678868332960
 217.000000000000000       -11.842894942582573
 218.000000000000000       -11.843112606314749
 219.000000000000000       -11.843331857138347
 220.000000000000000       -11.843552695160861
 221.000000000000000       -11.843775116910852
 222.000000000000000       -11.843999121619916
 223.000000000000000       -11.844224706501187
 224.000000000000000       -11.844451873393092
 225.000000000000000       -11.844680616983412
 226.000000000000000       -11.844910936374804
 227.000000000000000       -11.845142832060839
 228.000000000000000       -11.845376301395270
 229.000000000000000       -11.845611338677257
 230.000000000000000       -11.845847947737026
 231.000000000000000       -11.846086123236805
 232.000000000000000       -11.846325862848930
 233.000000000000000       -11.846567167523318
 234.000000000000000       -11.846810033134297
 235.000000000000000       -11.847054460329449
 236.000000000000000       -11.847300443913266
 237.000000000000000       -11.847547984258766
 238.000000000000000       -11.847797077134770
 239.000000000000000       -11.848047721962605
 240.000000000000000       -11.848299919567692
 241.000000000000000       -11.848553663080938
 242.000000000000000       -11.848808953617763
 243.000000000000000       -11.849065786591801
 244.000000000000000       -11.849324161850225
 245.000000000000000       -11.849584076784296
 246.000000000000000       -11.849845530058991
 247.000000000000000       -11.850108518010089
 248.000000000000000       -11.850373041059358
 249.000000000000000       -11.850639093235015
 250.000000000000000       -11.850906674654862
 251.000000000000000       -11.851175785074398
 252.000000000000000       -11.851446416974388
 253.000000000000000       -11.851718573736937
 254.000000000000000       -11.851992250227807
 255.000000000000000       -11.852267445168755
 256.000000000000000       -11.852544155511854
 257.000000000000000       -11.852822380681724
 258.000000000000000       -11.853102116686410
 259.000000000000000       -11.853383361627689
 260.000000000000000       -11.853666113969577
 261.000000000000000       -11.853950370823760
 262.000000000000000       -11.854236130187740
 263.000000000000000       -11.854523389524264
 264.000000000000000       -11.854812146694936
 265.000000000000000       -11.855102399544217
 266.000000000000000       -11.855394146889330
 267.000000000000000       -11.855687382786897
 268.000000000000000       -11.855982107948181
 269.000000000000000       -11.856278321362675
 270.000000000000000       -11.856576018657016
 271.000000000000000       -11.856875198291698
 272.000000000000000       -11.857175854257026
 273.000000000000000       -11.857477990292788
 274.000000000000000       -11.857781599409835
 275.000000000000000       -11.858086682908160
 276.000000000000000       -11.858393232510565
 277.000000000000000       -11.858701252472418
 278.000000000000000       -11.859010738125820
 279.000000000000000       -11.859321687223852
 280.000000000000000       -11.859634094106712
 281.000000000000000       -11.859947961282009
 282.000000000000000       -11.860263284733051
 283.000000000000000       -11.860580059261729
 284.000000000000000       -11.860898288766041
 285.000000000000000       -11.861217962990171
 286.000000000000000       -11.861539084687001
 287.000000000000000       -11.861861653226891
 288.000000000000000       -11.862185663580350
 289.000000000000000       -11.862511108050159
 290.000000000000000       -11.862837993091846
 291.000000000000000       -11.863166311198906
 292.000000000000000       -11.863496061893644
 293.000000000000000       -11.863827244465776
 294.000000000000000       -11.864159851475586
 295.000000000000000       -11.864493886756835
 296.000000000000000       -11.864829340527793
 297.000000000000000       -11.865166216856563
 298.000000000000000       -11.865504509340036
 299.000000000000000       -11.865844223453069
 300.000000000000000       -11.866185343589992
 301.000000000000000       -11.866527879187560
 302.000000000000000       -11.866871818184885
 303.000000000000000       -11.867217164928922
 304.000000000000000       -11.867563917899460
 305.000000000000000       -11.867912069936848
 306.000000000000000       -11.868261621778284
 307.000000000000000       -11.868612569005364
 308.000000000000000       -11.868964910120589
 309.000000000000000       -11.869318642651242
 310.000000000000000       -11.869673766612054
 311.000000000000000       -11.870030280158689
 312.000000000000000       -11.870388170043368
 313.000000000000000       -11.870747448376312
 314.000000000000000       -11.871108108743330
 315.000000000000000       -11.871470140863631
 316.000000000000000       -11.871833550639581
 317.000000000000000       -11.872198331221810
 318.000000000000000       -11.872564485408079
 319.000000000000000       -11.872932008964089
 320.000000000000000       -11.873300896676357
 321.000000000000000       -11.873671149779707
 322.000000000000000       -11.874042754685744
 323.000000000000000       -11.874415729163943
 324.000000000000000       -11.874790053647800
 325.000000000000000       -11.875165731637439
 326.000000000000000       -11.875542771014880
 327.000000000000000       -11.875921146150635
 328.000000000000000       -11.876300881534883
 329.000000000000000       -11.876681959261180
 330.000000000000000       -11.877064373093335
 331.000000000000000       -11.877448127879106
 332.000000000000000       -11.877833229008964
 333.000000000000000       -11.878219660401987
 334.000000000000000       -11.878607420459659
 335.000000000000000       -11.878996518956896
 336.000000000000000       -11.879386945255829
 337.000000000000000       -11.879778696568103
 338.000000000000000       -11.880171773972856
 339.000000000000000       -11.880566174911829
 340.000000000000000       -11.880961890478897
 341.000000000000000       -11.881358918360643
 342.000000000000000       -11.881757272650050
 343.000000000000000       -11.882156935594612
 344.000000000000000       -11.882557907090003
 345.000000000000000       -11.882960192105022
 346.000000000000000       -11.883363778170557
 347.000000000000000       -11.883768669935826
 348.000000000000000       -11.884174860541748
 349.000000000000000       -11.884582358612311
 350.000000000000000       -11.884991139080725
 351.000000000000000       -11.885401229246598
 352.000000000000000       -11.885812613756331
 353.000000000000000       -11.886225277129443
 354.000000000000000       -11.886639243595939
 355.000000000000000       -11.887054481607713
 356.000000000000000       -11.887471012443894
 357.000000000000000       -11.887888822022886
 358.000000000000000       -11.888307912414840
 359.000000000000000       -11.888728279883082
 360.000000000000000       -11.889149916561333
 361.000000000000000       -11.889572827733220
 362.000000000000000       -11.889997015233421
 363.000000000000000       -11.890422468158031
 364.000000000000000       -11.890849195299481
 365.000000000000000       -11.891277173582559
 366.000000000000000       -11.891706428312602
 367.000000000000000       -11.892136935149159
 368.000000000000000       -11.892568704510452
 369.000000000000000       -11.893001720175956
 370.000000000000000       -11.893436001702677
 371.000000000000000       -11.893871520953322
 372.000000000000000       -11.894308300929284
 373.000000000000000       -11.894746322419495
 374.000000000000000       -11.895185593386760
 375.000000000000000       -11.895626104592592
 376.000000000000000       -11.896067860714195
 377.000000000000000       -11.896510848635609
 378.000000000000000       -11.896955086152092
 379.000000000000000       -11.897400536630892
 380.000000000000000       -11.897847243090654
 381.000000000000000       -11.898295166174908
 382.000000000000000       -11.898744323067401
 383.000000000000000       -11.899194708902648
 384.000000000000000       -11.899646314413783
 385.000000000000000       -11.900099141327360
 386.000000000000000       -11.900553194028589
 387.000000000000000       -11.901008461868116
 388.000000000000000       -11.901464950310102
 389.000000000000000       -11.901922639800897
 390.000000000000000       -11.902381564548238
 391.000000000000000       -11.902841677452091
 392.000000000000000       -11.903303007614685
 393.000000000000000       -11.903765539464102
 394.000000000000000       -11.904229282544488
 395.000000000000000       -11.904694225357771
 396.000000000000000       -11.905160363665019
 397.000000000000000       -11.905627701958442
 398.000000000000000       -11.906096241192209
 399.000000000000000       -11.906565974093862
 400.000000000000000       -11.907036894914915
 401.000000000000000       -11.907509004213839
 402.000000000000000       -11.907982306569629
 403.000000000000000       -11.908456795892649
 404.000000000000000       -11.908932470414198
 405.000000000000000       -11.909409319315898
 406.000000000000000       -11.909887350111871
 407.000000000000000       -11.910366576930603
 408.000000000000000       -11.910846967523415
 409.000000000000000       -11.911328531837150
 410.000000000000000       -11.911811267382651
 411.000000000000000       -11.912295170671850
 412.000000000000000       -11.912780241940705
 413.000000000000000       -11.913266501745666
 414.000000000000000       -11.913753908779663
 415.000000000000000       -11.914242478483322
 416.000000000000000       -11.914732206571170
 417.000000000000000       -11.915223110562671
 418.000000000000000       -11.915715159917248
 419.000000000000000       -11.916208363145092
 420.000000000000000       -11.916702735402842
 421.000000000000000       -11.917198243629628
 422.000000000000000       -11.917694911751248
 423.000000000000000       -11.918192721411051
 424.000000000000000       -11.918691677150786
 425.000000000000000       -11.919191779980485
 426.000000000000000       -11.919693027777843
 427.000000000000000       -11.920195403770752
 428.000000000000000       -11.920698942867302
 429.000000000000000       -11.921203597857405
 430.000000000000000       -11.921709395308010
 431.000000000000000       -11.922216331474081
 432.000000000000000       -11.922724389795233
 433.000000000000000       -11.923233594433020
 434.000000000000000       -11.923743910895992
 435.000000000000000       -11.924255364506239
 436.000000000000000       -11.924767939486818
 437.000000000000000       -11.925281623260581
 438.000000000000000       -11.925796455895137
 439.000000000000000       -11.926312398895920
 440.000000000000000       -11.926829448719291
 441.000000000000000       -11.927347620815590
 442.000000000000000       -11.927866899533068
 443.000000000000000       -11.928387294820308
 444.000000000000000       -11.928908805980194
 445.000000000000000       -11.929431423676718
 446.000000000000000       -11.929955149993264
 447.000000000000000       -11.930479970756606
 448.000000000000000       -11.931005900554165
 449.000000000000000       -11.931532939913382
 450.000000000000000       -11.932061078792346
 451.000000000000000       -11.932590312013696
 452.000000000000000       -11.933120637701442
 453.000000000000000       -11.933652062499505
 454.000000000000000       -11.934184574389278
 455.000000000000000       -11.934718185366968
 456.000000000000000       -11.935252883910636
 457.000000000000000       -11.935788667478830
 458.000000000000000       -11.936325549503328
 459.000000000000000       -11.936863509842075
 460.000000000000000       -11.937402557882143
 461.000000000000000       -11.937942679948600
 462.000000000000000       -11.938483879006400
 463.000000000000000       -11.939026166052654
 464.000000000000000       -11.939569530027535
 465.000000000000000       -11.940113958057731
 466.000000000000000       -11.940659463597463
 467.000000000000000       -11.941206043984318
 468.000000000000000       -11.941753692802838
 469.000000000000000       -11.942302417612046
 470.000000000000000       -11.942852195994513
 471.000000000000000       -11.943403038079268
 472.000000000000000       -11.943954956107056
 473.000000000000000       -11.944507933113972
 474.000000000000000       -11.945061973882584
 475.000000000000000       -11.945617059637378
 476.000000000000000       -11.946173222356443
 477.000000000000000       -11.946730432141882
 478.000000000000000       -11.947288690592718
 479.000000000000000       -11.947848001225559
 480.000000000000000       -11.948408363993355
 481.000000000000000       -11.948969779083534
 482.000000000000000       -11.949532246716506
 483.000000000000000       -11.950095752966774
 484.000000000000000       -11.950660306444400
 485.000000000000000       -11.951225899378827
 486.000000000000000       -11.951792544189603
 487.000000000000000       -11.952360214672575
 488.000000000000000       -11.952928929184127
 489.000000000000000       -11.953498684040690
 490.000000000000000       -11.954069477486065
 491.000000000000000       -11.954641293943839
 492.000000000000000       -11.955214151604986
 493.000000000000000       -11.955788039090077
 494.000000000000000       -11.956362944635632
 495.000000000000000       -11.956938891517455
 496.000000000000000       -11.957515858502591
 497.000000000000000       -11.958093852193930
 498.000000000000000       -11.958672867563672
 499.000000000000000       -11.959252907198676
 500.000000000000000       -11.959833967837771
 501.000000000000000       -11.960416043607605
 502.000000000000000       -11.960999131746654
 503.000000000000000       -11.961583245063823
 504.000000000000000       -11.962168366052980
 505.000000000000000       -11.962754503612913
 506.000000000000000       -11.963341658720763
 507.000000000000000       -11.963929817636018
 508.000000000000000       -11.964518980604691
 509.000000000000000       -11.965109161992283
 510.000000000000000       -11.965700330951428
 511.000000000000000       -11.966292520486974
 512.000000000000000       -11.966885709614095
 513.000000000000000       -11.967479892148937
 514.000000000000000       -11.968075076694408
 515.000000000000000       -11.968671266330084
 516.000000000000000       -11.969268454853495
 517.000000000000000       -11.969866627904080
 518.000000000000000       -11.970465807957567
 519.000000000000000       -11.971065968649890
 520.000000000000000       -11.971667122135511
 521.000000000000000       -11.972269271278636
 522.000000000000000       -11.972872407041340
 523.000000000000000       -11.973476526673204
 524.000000000000000       -11.974081631817882
 525.000000000000000       -11.974687731373713
 526.000000000000000       -11.975294808753882
 527.000000000000000       -11.975902859531956
 528.000000000000000       -11.976511898788219
 529.000000000000000       -11.977121920813669
 530.000000000000000       -11.977732908966809
 531.000000000000000       -11.978344879086759
 532.000000000000000       -11.978957818286505
 533.000000000000000       -11.979571742592924
 534.000000000000000       -11.980186634337244
 535.000000000000000       -11.980802486646056
 536.000000000000000       -11.981419325002259
 537.000000000000000       -11.982037118377692
 538.000000000000000       -11.982655889268427
 539.000000000000000       -11.983275619308479
 540.000000000000000       -11.983896306470227
 541.000000000000000       -11.984517959805185
 542.000000000000000       -11.985140582001121
 543.000000000000000       -11.985764158596755
 544.000000000000000       -11.986388701302088
 545.000000000000000       -11.987014193699627
 546.000000000000000       -11.987640638343645
 547.000000000000000       -11.988268041935950
 548.000000000000000       -11.988896406155135
 549.000000000000000       -11.989525711911813
 550.000000000000000       -11.990155974010976
 551.000000000000000       -11.990787177988741
 552.000000000000000       -11.991419345334997
 553.000000000000000       -11.992052453535051
 554.000000000000000       -11.992686507816925
 555.000000000000000       -11.993321503527131
 556.000000000000000       -11.993957441504204
 557.000000000000000       -11.994594323786121
 558.000000000000000       -11.995232140597803
 559.000000000000000       -11.995870890935667
 560.000000000000000       -11.996510606558104
 561.000000000000000       -11.997151225556165
 562.000000000000000       -11.997792803953711
 563.000000000000000       -11.998435313841808
 564.000000000000000       -11.999078757779948
 565.000000000000000       -11.999723130661286
 566.000000000000000       -12.000368431408766
 567.000000000000000       -12.001014655616714
 568.000000000000000       -12.001661810021240
 569.000000000000000       -12.002309901850268
 570.000000000000000       -12.002958904924396
 571.000000000000000       -12.003608848354494
 572.000000000000000       -12.004259699222416
 573.000000000000000       -12.004911483147231
 574.000000000000000       -12.005564182627849
 575.000000000000000       -12.006217812498194
 576.000000000000000       -12.006872350197217
 577.000000000000000       -12.007527820812795
 578.000000000000000       -12.008184188161390
 579.000000000000000       -12.008841479893215
 580.000000000000000       -12.009499677977407
 581.000000000000000       -12.010158795127893
 582.000000000000000       -12.010818795351728
 583.000000000000000       -12.011479731892507
 584.000000000000000       -12.012141596543325
 585.000000000000000       -12.012804340796576
 586.000000000000000       -12.013468007379579
 587.000000000000000       -12.014132552075615
 588.000000000000000       -12.014798032040028
 589.000000000000000       -12.015464403476781
 590.000000000000000       -12.016131682589053
 591.000000000000000       -12.016799863834230
 592.000000000000000       -12.017468920355494
 593.000000000000000       -12.018138890524819
 594.000000000000000       -12.018809755652752
 595.000000000000000       -12.019481533853643
 596.000000000000000       -12.020154180760260
 597.000000000000000       -12.020827736880234
 598.000000000000000       -12.021502180267984
 599.000000000000000       -12.022177519187327
 600.000000000000000       -12.022853738300240
 601.000000000000000       -12.023530851306985
 602.000000000000000       -12.024208850531526
 603.000000000000000       -12.024887758118243
 604.000000000000000       -12.025567534361992
 605.000000000000000       -12.026248196805183
 606.000000000000000       -12.026929737248764
 607.000000000000000       -12.027612160618757
 608.000000000000000       -12.028295467527833
 609.000000000000000       -12.028979661004650
 610.000000000000000       -12.029664716146963
 611.000000000000000       -12.030350664071523
 612.000000000000000       -12.031037502770515
 613.000000000000000       -12.031725199987099
 614.000000000000000       -12.032413770659401
 615.000000000000000       -12.033103218787517
 616.000000000000000       -12.033793534574038
 617.000000000000000       -12.034484721740638
 618.000000000000000       -12.035176785608236
 619.000000000000000       -12.035869718440653
 620.000000000000000       -12.036563527841432
 621.000000000000000       -12.037258191790588
 622.000000000000000       -12.037953720768485
 623.000000000000000       -12.038650103934149
 624.000000000000000       -12.039347379775679
 625.000000000000000       -12.040045495381207
 626.000000000000000       -12.040744489877412
 627.000000000000000       -12.041444323622830
 628.000000000000000       -12.042145040278911
 629.000000000000000       -12.042846591930934
 630.000000000000000       -12.043549027001415
 631.000000000000000       -12.044252305819487
 632.000000000000000       -12.044956439746793
 633.000000000000000       -12.045661420322768
 634.000000000000000       -12.046367261434016
 635.000000000000000       -12.047073963180852
 636.000000000000000       -12.047781508918865
 637.000000000000000       -12.048489902786486
 638.000000000000000       -12.049199156809259
 639.000000000000000       -12.049909243151086
 640.000000000000000       -12.050620179830387
 641.000000000000000       -12.051331973624656
 642.000000000000000       -12.052044610993107
 643.000000000000000       -12.052758072318010
 644.000000000000000       -12.053472397053406
 645.000000000000000       -12.054187554631747
 646.000000000000000       -12.054903556554798
 647.000000000000000       -12.055620408425375
 648.000000000000000       -12.056338084486729
 649.000000000000000       -12.057056614125534
 650.000000000000000       -12.057775957589678
 651.000000000000000       -12.058496160118368
 652.000000000000000       -12.059217174638833
 653.000000000000000       -12.059939050097450
 654.000000000000000       -12.060661726707385
 655.000000000000000       -12.061385268948840
 656.000000000000000       -12.062109637291961
 657.000000000000000       -12.062834810889097
 658.000000000000000       -12.063560843266140
 659.000000000000000       -12.064287676848647
 660.000000000000000       -12.065015348142710
 661.000000000000000       -12.065743860402135
 662.000000000000000       -12.066473179427915
 663.000000000000000       -12.067203325224567
 664.000000000000000       -12.067934294019695
 665.000000000000000       -12.068666087870090
 666.000000000000000       -12.069398711819561
 667.000000000000000       -12.070132143157792
 668.000000000000000       -12.070866394591821
 669.000000000000000       -12.071601485456329
 670.000000000000000       -12.072337369010386
 671.000000000000000       -12.073074069639231
 672.000000000000000       -12.073811593882150
 673.000000000000000       -12.074549933943358
 674.000000000000000       -12.075289089731800
 675.000000000000000       -12.076029048899864
 676.000000000000000       -12.076769836633582
 677.000000000000000       -12.077511424311302
 678.000000000000000       -12.078253829334303
 679.000000000000000       -12.078997026979186
 680.000000000000000       -12.079741042725214
 681.000000000000000       -12.080485865210701
 682.000000000000000       -12.081231491700560
 683.000000000000000       -12.081977925907156
 684.000000000000000       -12.082725155000837
 685.000000000000000       -12.083473196474015
 686.000000000000000       -12.084222050411583
 687.000000000000000       -12.084971690142973
 688.000000000000000       -12.085722144316748
 689.000000000000000       -12.086473378584884
 690.000000000000000       -12.087225427244451
 691.000000000000000       -12.087978279487665
 692.000000000000000       -12.088731916501011
 693.000000000000000       -12.089486351412241
 694.000000000000000       -12.090241581496533
 695.000000000000000       -12.090997608272239
 696.000000000000000       -12.091754437569225
 697.000000000000000       -12.092512037558734
 698.000000000000000       -12.093270445466723
 699.000000000000000       -12.094029637417098
 700.000000000000000       -12.094789623346198
 701.000000000000000       -12.095550397617147
 702.000000000000000       -12.096311967663244
 703.000000000000000       -12.097074311757950
 704.000000000000000       -12.097837454150920
 705.000000000000000       -12.098601359550933
 706.000000000000000       -12.099366078454800
 707.000000000000000       -12.100131563249983
 708.000000000000000       -12.100897833917484
 709.000000000000000       -12.101664886263062
 710.000000000000000       -12.102432722582778
 711.000000000000000       -12.103201334521145
 712.000000000000000       -12.103970731894529
 713.000000000000000       -12.104740906597396
 714.000000000000000       -12.105511854968141
 715.000000000000000       -12.106283573498134
 716.000000000000000       -12.107056078913747
 717.000000000000000       -12.107829369112343
 718.000000000000000       -12.108603412889916
 719.000000000000000       -12.109378242286938
 720.000000000000000       -12.110153840503090
 721.000000000000000       -12.110930207328382
 722.000000000000000       -12.111707343264587
 723.000000000000000       -12.112485259388993
 724.000000000000000       -12.113263926593122
 725.000000000000000       -12.114043394575722
 726.000000000000000       -12.114823605554419
 727.000000000000000       -12.115604578002880
 728.000000000000000       -12.116386326537953
 729.000000000000000       -12.117168849497242
 730.000000000000000       -12.117952121784617
 731.000000000000000       -12.118736156582642
 732.000000000000000       -12.119520956196302
 733.000000000000000       -12.120306519955205
 734.000000000000000       -12.121092844786727
 735.000000000000000       -12.121879926432886
 736.000000000000000       -12.122667783436937
 737.000000000000000       -12.123456364607394
 738.000000000000000       -12.124245735578866
 739.000000000000000       -12.125035849218857
 740.000000000000000       -12.125826719704918
 741.000000000000000       -12.126618338619632
 742.000000000000000       -12.127410719453788
 743.000000000000000       -12.128203854667095
 744.000000000000000       -12.128997732919597
 745.000000000000000       -12.129792378827519
 746.000000000000000       -12.130587758025902
 747.000000000000000       -12.131383907730690
 748.000000000000000       -12.132180781281880
 749.000000000000000       -12.132978423022756
 750.000000000000000       -12.133776817175880
 751.000000000000000       -12.134575939022524
 752.000000000000000       -12.135375824533220
 753.000000000000000       -12.136176435414894
 754.000000000000000       -12.136977814663519
 755.000000000000000       -12.137779917397509
 756.000000000000000       -12.138582759090978
 757.000000000000000       -12.139386373867902
 758.000000000000000       -12.140190704599418
 759.000000000000000       -12.140995781622657
 760.000000000000000       -12.141801599934505
 761.000000000000000       -12.142608160833383
 762.000000000000000       -12.143415436350541
 763.000000000000000       -12.144223479330755
 764.000000000000000       -12.145032249836783
 765.000000000000000       -12.145841744811753
 766.000000000000000       -12.146651989824107
 767.000000000000000       -12.147462948081333
 768.000000000000000       -12.148274662470426
 769.000000000000000       -12.149087100493784
 770.000000000000000       -12.149900280307268
 771.000000000000000       -12.150714172074244
 772.000000000000000       -12.151528816321354
 773.000000000000000       -12.152344183477517
 774.000000000000000       -12.153160267465104
 775.000000000000000       -12.153977081188160
 776.000000000000000       -12.154794641121434
 777.000000000000000       -12.155612903402677
 778.000000000000000       -12.156431911965559
 779.000000000000000       -12.157251628482566
 780.000000000000000       -12.158072076819497
 781.000000000000000       -12.158893245213259
 782.000000000000000       -12.159715147462570
 783.000000000000000       -12.160537766668760
 784.000000000000000       -12.161361097899363
 785.000000000000000       -12.162185169088584
 786.000000000000000       -12.163009944389106
 787.000000000000000       -12.163835449141818
 788.000000000000000       -12.164661671017830
 789.000000000000000       -12.165488602541371
 790.000000000000000       -12.166316234173356
 791.000000000000000       -12.167144619340261
 792.000000000000000       -12.167973702067282
 793.000000000000000       -12.168803495392645
 794.000000000000000       -12.169634007911995
 795.000000000000000       -12.170465232253697
 796.000000000000000       -12.171297175295901
 797.000000000000000       -12.172129818578238
 798.000000000000000       -12.172963187361757
 799.000000000000000       -12.173797260112554
 800.000000000000000       -12.174632031546954
 801.000000000000000       -12.175467515791443
 802.000000000000000       -12.176303718230747
 803.000000000000000       -12.177140624056618
 804.000000000000000       -12.177978228260422
 805.000000000000000       -12.178816543209354
 806.000000000000000       -12.179655575319080
 807.000000000000000       -12.180495304252924
 808.000000000000000       -12.181335718579987
 809.000000000000000       -12.182176870907977
 810.000000000000000       -12.183018700526281
 811.000000000000000       -12.183861245651974
 812.000000000000000       -12.184704485196363
 813.000000000000000       -12.185548426683704
 814.000000000000000       -12.186393054822151
 815.000000000000000       -12.187238394600378
 816.000000000000000       -12.188084440451416
 817.000000000000000       -12.188931173200308
 818.000000000000000       -12.189778592065029
 819.000000000000000       -12.190626715795272
 820.000000000000000       -12.191475540837590
 821.000000000000000       -12.192325050449178
 822.000000000000000       -12.193175263662264
 823.000000000000000       -12.194026167191277
 824.000000000000000       -12.194877766358990
 825.000000000000000       -12.195730057625850
 826.000000000000000       -12.196583018865558
 827.000000000000000       -12.197436707971656
 828.000000000000000       -12.198291057220189
 829.000000000000000       -12.199146100859450
 830.000000000000000       -12.200001845647781
 831.000000000000000       -12.200858271031791
 832.000000000000000       -12.201715386801185
 833.000000000000000       -12.202573179269642
 834.000000000000000       -12.203431662041442
 835.000000000000000       -12.204290823920768
 836.000000000000000       -12.205150681294196
 837.000000000000000       -12.206011220410103
 838.000000000000000       -12.206872430125012
 839.000000000000000       -12.207734336321016
 840.000000000000000       -12.208596920975978
 841.000000000000000       -12.209460186505659
 842.000000000000000       -12.210324135820342
 843.000000000000000       -12.211188755397647
 844.000000000000000       -12.212054054133853
 845.000000000000000       -12.212920027517042
 846.000000000000000       -12.213786677897788
 847.000000000000000       -12.214654019363826
 848.000000000000000       -12.215522032949584
 849.000000000000000       -12.216390729001599
 850.000000000000000       -12.217260088360650
 851.000000000000000       -12.218130125641457
 852.000000000000000       -12.219000833974203
 853.000000000000000       -12.219872216708078
 854.000000000000000       -12.220744270734079
 855.000000000000000       -12.221616996407269
 856.000000000000000       -12.222490401333495
 857.000000000000000       -12.223364464318564
 858.000000000000000       -12.224239190120054
 859.000000000000000       -12.225114606077184
 860.000000000000000       -12.225990686901429
 861.000000000000000       -12.226867420596545
 862.000000000000000       -12.227744831840516
 863.000000000000000       -12.228622913783077
 864.000000000000000       -12.229501648277562
 865.000000000000000       -12.230381059013238
 866.000000000000000       -12.231261133600809
 867.000000000000000       -12.232141865812375
 868.000000000000000       -12.233023258063575
 869.000000000000000       -12.233905310136144
 870.000000000000000       -12.234788047029085
 871.000000000000000       -12.235671428703533
 872.000000000000000       -12.236555463613634
 873.000000000000000       -12.237440163319093
 874.000000000000000       -12.238325529291673
 875.000000000000000       -12.239211547270893
 876.000000000000000       -12.240098240555053
 877.000000000000000       -12.240985578749109
 878.000000000000000       -12.241873572410800
 879.000000000000000       -12.242762223985235
 880.000000000000000       -12.243651522065525
 881.000000000000000       -12.244541488070356
 882.000000000000000       -12.245432097267940
 883.000000000000000       -12.246323369076574
 884.000000000000000       -12.247215290602824
 885.000000000000000       -12.248107859851963
 886.000000000000000       -12.249001081570126
 887.000000000000000       -12.249894965106147
 888.000000000000000       -12.250789490379956
 889.000000000000000       -12.251684667747496
 890.000000000000000       -12.252580495151529
 891.000000000000000       -12.253476977862514
 892.000000000000000       -12.254374096428689
 893.000000000000000       -12.255271868190700
 894.000000000000000       -12.256170285239792
 895.000000000000000       -12.257069342711345
 896.000000000000000       -12.257969054602034
 897.000000000000000       -12.258869411533942
 898.000000000000000       -12.259770408141875
 899.000000000000000       -12.260672044432050
 900.000000000000000       -12.261574335509289
 901.000000000000000       -12.262477260278425
 902.000000000000000       -12.263380825671932
 903.000000000000000       -12.264285037129119
 904.000000000000000       -12.265189892686012
 905.000000000000000       -12.266095376751721
 906.000000000000000       -12.267001508309461
 907.000000000000000       -12.267908281763978
 908.000000000000000       -12.268815696185751
 909.000000000000000       -12.269723741438582
 910.000000000000000       -12.270632412853530
 911.000000000000000       -12.271541739139863
 912.000000000000000       -12.272451694603111
 913.000000000000000       -12.273362279486143
 914.000000000000000       -12.274273512647060
 915.000000000000000       -12.275185365700320
 916.000000000000000       -12.276097856579909
 917.000000000000000       -12.277010986576954
 918.000000000000000       -12.277924740022604
 919.000000000000000       -12.278839119966483
 920.000000000000000       -12.279754145594090
 921.000000000000000       -12.280669794812482
 922.000000000000000       -12.281586083117308
 923.000000000000000       -12.282502984470238
 924.000000000000000       -12.283420524383244
 925.000000000000000       -12.284338683783201
 926.000000000000000       -12.285257488034480
 927.000000000000000       -12.286176909449088
 928.000000000000000       -12.287096954207502
 929.000000000000000       -12.288017626235824
 930.000000000000000       -12.288938928190053
 931.000000000000000       -12.289860852692007
 932.000000000000000       -12.290783392055811
 933.000000000000000       -12.291706566939432
 934.000000000000000       -12.292630362194242
 935.000000000000000       -12.293554781828814
 936.000000000000000       -12.294479812281505
 937.000000000000000       -12.295405476310592
 938.000000000000000       -12.296331746971999
 939.000000000000000       -12.297258650639700
 940.000000000000000       -12.298186165395498
 941.000000000000000       -12.299114300709387
 942.000000000000000       -12.300043057716904
 943.000000000000000       -12.300972437439009
 944.000000000000000       -12.301902419475676
 945.000000000000000       -12.302833034077885
 946.000000000000000       -12.303764252326420
 947.000000000000000       -12.304696090508012
 948.000000000000000       -12.305628540378915
 949.000000000000000       -12.306561608881735
 950.000000000000000       -12.307495297945250
 951.000000000000000       -12.308429585876585
 952.000000000000000       -12.309364497857757
 953.000000000000000       -12.310300010258453
 954.000000000000000       -12.311236142829088
 955.000000000000000       -12.312172884009478
 956.000000000000000       -12.313110238208560
 957.000000000000000       -12.314048198366928
 958.000000000000000       -12.314986768916370
 959.000000000000000       -12.315925949534465
 960.000000000000000       -12.316865734118251
 961.000000000000000       -12.317806126552629
 962.000000000000000       -12.318747134630037
 963.000000000000000       -12.319688750323923
 964.000000000000000       -12.320630955170412
 965.000000000000000       -12.321573765048651
 966.000000000000000       -12.322517202168477
 967.000000000000000       -12.323461223794364
 968.000000000000000       -12.324405863932373
 969.000000000000000       -12.325351090897861
 970.000000000000000       -12.326296932438460
 971.000000000000000       -12.327243377104827
 972.000000000000000       -12.328190411355035
 973.000000000000000       -12.329138051061680
 974.000000000000000       -12.330086304183052
 975.000000000000000       -12.331035151020634
 976.000000000000000       -12.331984590957994
 977.000000000000000       -12.332934625382999
 978.000000000000000       -12.333885269015807
 979.000000000000000       -12.334836503072093
 980.000000000000000       -12.335788342487486
 981.000000000000000       -12.336740777406130
 982.000000000000000       -12.337693788938818
 983.000000000000000       -12.338647420596194
 984.000000000000000       -12.339601629969938
 985.000000000000000       -12.340556439303185
 986.000000000000000       -12.341511850003789
 987.000000000000000       -12.342467842567478
 988.000000000000000       -12.343424437313743
 989.000000000000000       -12.344381619866891
 990.000000000000000       -12.345339391122353
 991.000000000000000       -12.346297756362540
 992.000000000000000       -12.347256724074171
 993.000000000000000       -12.348216260540303
 994.000000000000000       -12.349176398284344
 995.000000000000000       -12.350137125129885
 996.000000000000000       -12.351098443864661
 997.000000000000000       -12.352060346219183
 998.000000000000000       -12.353022836082182
 999.000000000000000       -12.353985916251897
1000.000000000000000       -12.354949577817871
1001.000000000000000       -12.355913817884431
1002.000000000000000       -12.356878654779509
1003.000000000000000       -12.357844082400323
1004.000000000000000       -12.358810084657435
1005.000000000000000       -12.359776674558967
1006.000000000000000       -12.360743846631484
1007.000000000000000       -12.361711594358120
1008.000000000000000       -12.362679931089474
1009.000000000000000       -12.363648848999880
1010.000000000000000       -12.364618347545568
1011.000000000000000       -12.365588432455523
1012.000000000000000       -12.366559091809725
1013.000000000000000       -12.367530320393987
1014.000000000000000       -12.368502143475373
1015.000000000000000       -12.369474549962920
1016.000000000000000       -12.370447515475492
1017.000000000000000       -12.371421071005852
1018.000000000000000       -12.372395196109172
1019.000000000000000       -12.373369921632246
1020.000000000000000       -12.374345190045334
1021.000000000000000       -12.375321046829045
1022.000000000000000       -12.376297490710799
1023.000000000000000       -12.377274487903920
1024.000000000000000       -12.378252061198847
1025.000000000000000       -12.379230221646354
1026.000000000000000       -12.380208946022346
1027.000000000000000       -12.381188256524934
1028.000000000000000       -12.382168126748908
1029.000000000000000       -12.383148571450930
1030.000000000000000       -12.384129584683325
1031.000000000000000       -12.385111170800169
1032.000000000000000       -12.386093332629722
1033.000000000000000       -12.387076057920240
1034.000000000000000       -12.388059345611103
1035.000000000000000       -12.389043200688805
1036.000000000000000       -12.390027638838751
1037.000000000000000       -12.391012637862934
1038.000000000000000       -12.391998183752769
1039.000000000000000       -12.392984322675177
1040.000000000000000       -12.393971016889763
1041.000000000000000       -12.394958290643453
1042.000000000000000       -12.395946113019631
1043.000000000000000       -12.396934506731331
1044.000000000000000       -12.397923466915911
1045.000000000000000       -12.398912985421363
1046.000000000000000       -12.399903056215591
1047.000000000000000       -12.400893703884378
1048.000000000000000       -12.401884910893504
1049.000000000000000       -12.402876678751639
1050.000000000000000       -12.403869011923883
1051.000000000000000       -12.404861896698440
1052.000000000000000       -12.405855341001072
1053.000000000000000       -12.406849346475873
1054.000000000000000       -12.407843932223312
1055.000000000000000       -12.408839068065451
1056.000000000000000       -12.409834741741580
1057.000000000000000       -12.410830983647260
1058.000000000000000       -12.411827760260968
1059.000000000000000       -12.412825139329875
1060.000000000000000       -12.413823034268095
1061.000000000000000       -12.414821514488493
1062.000000000000000       -12.415820535804786
1063.000000000000000       -12.416820117839940
1064.000000000000000       -12.417820235993647
1065.000000000000000       -12.418820917826775
1066.000000000000000       -12.419822168824977
1067.000000000000000       -12.420823964751200
1068.000000000000000       -12.421826286030717
1069.000000000000000       -12.422829201368023
1070.000000000000000       -12.423832632094420
1071.000000000000000       -12.424836648513914
1072.000000000000000       -12.425841188096102
1073.000000000000000       -12.426846277657900
1074.000000000000000       -12.427851910725673
1075.000000000000000       -12.428858103418335
1076.000000000000000       -12.429864854838979
1077.000000000000000       -12.430872145103770
1078.000000000000000       -12.431879976914846
1079.000000000000000       -12.432888385961085
1080.000000000000000       -12.433897305793298
1081.000000000000000       -12.434906796947102
1082.000000000000000       -12.435916814691399
1083.000000000000000       -12.436927365868726
1084.000000000000000       -12.437938494803173
1085.000000000000000       -12.438950152893153
1086.000000000000000       -12.439962339133332
1087.000000000000000       -12.440975088356607
1088.000000000000000       -12.441988357478872
1089.000000000000000       -12.443002200301722
1090.000000000000000       -12.444016571295265
1091.000000000000000       -12.445031480174293
1092.000000000000000       -12.446046941649238
1093.000000000000000       -12.447062932175557
1094.000000000000000       -12.448079461962067
1095.000000000000000       -12.449096547977128
1096.000000000000000       -12.450114150291931
1097.000000000000000       -12.451132286373127
1098.000000000000000       -12.452150979315586
1099.000000000000000       -12.453170207250446
1100.000000000000000       -12.454189955037252
1101.000000000000000       -12.455210274653494
1102.000000000000000       -12.456231096748196
1103.000000000000000       -12.457252475103779
1104.000000000000000       -12.458274371986914
1105.000000000000000       -12.459296828289597
1106.000000000000000       -12.460319804139088
1107.000000000000000       -12.461343303646862
1108.000000000000000       -12.462367330007222
1109.000000000000000       -12.463391919134482
1110.000000000000000       -12.464417024229000
1111.000000000000000       -12.465442676723832
1112.000000000000000       -12.466468845567867
1113.000000000000000       -12.467495529392963
1114.000000000000000       -12.468522787579943
1115.000000000000000       -12.469550552786860
1116.000000000000000       -12.470578856257147
1117.000000000000000       -12.471607667893455
1118.000000000000000       -12.472637027987425
1119.000000000000000       -12.473666937108650
1120.000000000000000       -12.474697307909322
1121.000000000000000       -12.475728277101558
1122.000000000000000       -12.476759707122085
1123.000000000000000       -12.477791735641835
1124.000000000000000       -12.478824223207024
1125.000000000000000       -12.479857253346397
1126.000000000000000       -12.480890847422915
1127.000000000000000       -12.481924919263978
1128.000000000000000       -12.482959541082874
1129.000000000000000       -12.483994669301595
1130.000000000000000       -12.485030343717586
1131.000000000000000       -12.486066529322970
1132.000000000000000       -12.487103249738277
1133.000000000000000       -12.488140485786017
1134.000000000000000       -12.489178228355925
1135.000000000000000       -12.490216518983960
1136.000000000000000       -12.491255311577920
1137.000000000000000       -12.492294623288350
1138.000000000000000       -12.493334438847842
1139.000000000000000       -12.494374805765704
1140.000000000000000       -12.495415697195474
1141.000000000000000       -12.496457071826839
1142.000000000000000       -12.497498978481726
1143.000000000000000       -12.498541428793734
1144.000000000000000       -12.499584374667025
1145.000000000000000       -12.500627820917842
1146.000000000000000       -12.501671784484367
1147.000000000000000       -12.502716280679998
1148.000000000000000       -12.503761296846212
1149.000000000000000       -12.504806826066828
1150.000000000000000       -12.505852878378260
1151.000000000000000       -12.506899431203987
1152.000000000000000       -12.507946500557416
1153.000000000000000       -12.508994085996498
1154.000000000000000       -12.510042183801817
1155.000000000000000       -12.511090788527856
1156.000000000000000       -12.512139907133161
1157.000000000000000       -12.513189575765942
1158.000000000000000       -12.514239731491958
1159.000000000000000       -12.515290366457069
1160.000000000000000       -12.516341480723817
1161.000000000000000       -12.517393180006662
1162.000000000000000       -12.518445360081294
1163.000000000000000       -12.519498028727908
1164.000000000000000       -12.520551249003905
1165.000000000000000       -12.521604965735573
1166.000000000000000       -12.522659212915050
1167.000000000000000       -12.523713933288391
1168.000000000000000       -12.524769149711293
1169.000000000000000       -12.525824883535151
1170.000000000000000       -12.526881134902576
1171.000000000000000       -12.527937911421695
1172.000000000000000       -12.528995142980799
1173.000000000000000       -12.530052878681660
1174.000000000000000       -12.531111154183288
1175.000000000000000       -12.532169925988493
1176.000000000000000       -12.533229203234971
1177.000000000000000       -12.534288994878073
1178.000000000000000       -12.535349269710617
1179.000000000000000       -12.536410069911982
1180.000000000000000       -12.537471333222776
1181.000000000000000       -12.538533125649115
1182.000000000000000       -12.539595400432049
1183.000000000000000       -12.540658187658430
1184.000000000000000       -12.541721465841372
1185.000000000000000       -12.542785253327478
1186.000000000000000       -12.543849581183549
1187.000000000000000       -12.544914344848031
1188.000000000000000       -12.545979639952964
1189.000000000000000       -12.547045385170280
1190.000000000000000       -12.548111678178142
1191.000000000000000       -12.549178451349540
1192.000000000000000       -12.550245730574506
1193.000000000000000       -12.551313521519814
1194.000000000000000       -12.552381782282513
1195.000000000000000       -12.553450529710711
1196.000000000000000       -12.554519830689900
1197.000000000000000       -12.555589546272152
1198.000000000000000       -12.556659771831850
1199.000000000000000       -12.557730553095247
1200.000000000000000       -12.558801726942084
