   0.000000000000000         0.000000000000000
   1.000000000000000         0.000000000000000
   2.000000000000000       -38.153320600880967
   3.000000000000000       -36.207339958852280
   4.000000000000000       -34.957458993673882
   5.000000000000000       -34.084396331492307
   6.000000000000000       -33.396922330194414
   7.000000000000000       -33.277081617132417
   8.000000000000000       -33.202092117627863
   9.000000000000000       -33.155660913339702
  10.000000000000000       -33.226998520206735
  11.000000000000000       -33.338397952507997
  12.000000000000000       -33.369953041535673
  13.000000000000000       -33.454841604261922
  14.000000000000000       -33.547039037752619
  15.000000000000000       -33.580894995432281
  16.000000000000000       -33.663354619786240
  17.000000000000000       -33.712483321288992
  18.000000000000000       -33.699674688947439
  19.000000000000000       -33.734501026179871
  20.000000000000000       -33.735191922835952
  21.000000000000000       -33.678532451877246
  22.000000000000000       -33.631753011514448
  23.000000000000000       -33.510348237043168
  24.000000000000000       -33.308154427915326
  25.000000000000000       -33.069483127387912
  26.000000000000000       -32.760891306987261
  27.000000000000000       -32.338072709765299
  28.000000000000000       -31.790838198183984
  29.000000000000000       -31.147304614679065
  30.000000000000000       -30.412242388355441
  31.000000000000000       -29.533874366312215
  32.000000000000000       -28.550258973633110
  33.000000000000000       -27.477465720392715
  34.000000000000000       -26.301991629681915
  35.000000000000000       -25.070884991405624
  36.000000000000000       -23.786659779867300
  37.000000000000000       -22.463925700539246
  38.000000000000000       -21.138145916765815
  39.000000000000000       -19.810666658311451
  40.000000000000000       -18.502254659210092
  41.000000000000000       -17.242708032146826
  42.000000000000000       -16.016727812180221
  43.000000000000000       -14.840995953697970
  44.000000000000000       -13.732225360328476
  45.000000000000000       -12.686003927196333
  46.000000000000000       -11.701798731377368
  47.000000000000000       -10.774950574087482
  48.000000000000000        -9.920534823293192
  49.000000000000000        -9.122309728335265
  50.000000000000000        -8.379714290908860
  51.000000000000000        -7.696654809574901
  52.000000000000000        -7.064471197328681
  53.000000000000000        -6.476793945774913
  54.000000000000000        -5.938838586830209
  55.000000000000000        -5.442355188146363
  56.000000000000000        -4.978707877730254
  57.000000000000000        -4.555510069585281
  58.000000000000000        -4.162685893831514
  59.000000000000000        -3.801795890776636
  60.000000000000000        -3.468211810870312
  61.000000000000000        -3.155697823591961
  62.000000000000000        -2.869751722524370
  63.000000000000000        -2.606532102084612
  64.000000000000000        -2.359903602145283
  65.000000000000000        -2.131566549604903
  66.000000000000000        -1.919652617769703
  67.000000000000000        -1.721627450534711
  68.000000000000000        -1.538932053024800
  69.000000000000000        -1.368312769458428
  70.000000000000000        -1.209057746166897
  71.000000000000000        -1.060146790347763
  72.000000000000000        -0.921695565745645
  73.000000000000000        -0.791017455610738
  74.000000000000000        -0.668615106190477
  75.000000000000000        -0.556555484442985
  76.000000000000000        -0.449065427635027
  77.000000000000000        -0.347686184486701
  78.000000000000000        -0.254261296513898
  79.000000000000000        -0.165581091934945
  80.000000000000000        -0.081714320847410
  81.000000000000000        -0.003528951127841
  82.000000000000000         0.070924610788939
  83.000000000000000         0.141369795286859
  84.000000000000000         0.207041172254220
  85.000000000000000         0.269900854448875
  86.000000000000000         0.329124872274277
  87.000000000000000         0.384966929044621
  88.000000000000000         0.438175950388872
  89.000000000000000         0.488859937839988
  90.000000000000000         0.536685985800531
  91.000000000000000         0.581043366910394
  92.000000000000000         0.625036609314438
  93.000000000000000         0.666628002218501
  94.000000000000000         0.705371095435129
  95.000000000000000         0.742652990315409
  96.000000000000000         0.777767064736471
  97.000000000000000         0.811775011766078
  98.000000000000000         0.844157480325147
  99.000000000000000         0.875504523789510
 100.000000000000000         0.904955293463301
 101.000000000000000         0.932657523652634
 102.000000000000000         0.960100987133647
 103.000000000000000         0.985956172569898
 104.000000000000000         1.010123223666899
 105.000000000000000         1.033873313368126
 106.000000000000000         1.056966728273921
 107.000000000000000         1.078777778910498
 108.000000000000000         1.099426263161490
 109.000000000000000         1.119874847890032
 110.000000000000000         1.139277660454618
 111.000000000000000         1.157715605633912
 112.000000000000000         1.175844237329127
 113.000000000000000         1.193074633642261
 114.000000000000000         1.209605514227725
 115.000000000000000         1.225768386225765
 116.000000000000000         1.241202908416171
 117.000000000000000         1.255730561894879
 118.000000000000000         1.270235562937100
 119.000000000000000         1.284018917556837
 120.000000000000000         1.297235864013372
 121.000000000000000         1.310275193756950
 122.000000000000000         1.322817388399428
 123.000000000000000         1.334921802918977
 124.000000000000000         1.346772226974387
 125.000000000000000         1.358157078840500
 126.000000000000000         1.368980330253340
 127.000000000000000         1.379641236515802
 128.000000000000000         1.389937333532006
 129.000000000000000         1.399807813790524
 130.000000000000000         1.409598124161118
 131.000000000000000         1.419005625975588
 132.000000000000000         1.427855742097032
 133.000000000000000         1.436784592543113
 134.000000000000000         1.445583588254701
 135.000000000000000         1.453824544593100
 136.000000000000000         1.462031971656679
 137.000000000000000         1.470052360938210
 138.000000000000000         1.477692014407992
 139.000000000000000         1.485066111006662
 140.000000000000000         1.492355179524155
 141.000000000000000         1.499537404890694
 142.000000000000000         1.506401769619125
 143.000000000000000         1.513211659019331
 144.000000000000000         1.519758543390705
 145.000000000000000         1.526134283818648
 146.000000000000000         1.532537888145347
 147.000000000000000         1.538530280131587
 148.000000000000000         1.544366213188079
 149.000000000000000         1.550312405907060
 150.000000000000000         1.556096634628408
 151.000000000000000         1.561679637610574
 152.000000000000000         1.567036890488444
 153.000000000000000         1.572377013987389
 154.000000000000000         1.577654741186069
 155.000000000000000         1.582688537927696
 156.000000000000000         1.587619285872440
 157.000000000000000         1.592573866711090
 158.000000000000000         1.597364484896297
 159.000000000000000         1.601985135163899
 160.000000000000000         1.606547106995522
 161.000000000000000         1.611099550104682
 162.000000000000000         1.615563688811563
 163.000000000000000         1.619838096454418
 164.000000000000000         1.624104964977529
 165.000000000000000         1.628309246179676
 166.000000000000000         1.632345860788955
 167.000000000000000         1.636406348526703
 168.000000000000000         1.640357271984031
 169.000000000000000         1.644171863305137
 170.000000000000000         1.648003142075312
 171.000000000000000         1.651800920149572
 172.000000000000000         1.655468344783507
 173.000000000000000         1.659095935557251
 174.000000000000000         1.662630579155574
 175.000000000000000         1.666136062028313
 176.000000000000000         1.669649634866595
 177.000000000000000         1.673006307188179
 178.000000000000000         1.676334745308907
 179.000000000000000         1.679580950406645
 180.000000000000000         1.682828000023116
 181.000000000000000         1.686052196318882
 182.000000000000000         1.689220940154807
 183.000000000000000         1.692320108068884
 184.000000000000000         1.695399885286740
 185.000000000000000         1.698454367347456
 186.000000000000000         1.701394309228412
 187.000000000000000         1.704336299152438
 188.000000000000000         1.707129454476633
 189.000000000000000         1.709995592241221
 190.000000000000000         1.712964617830612
 191.000000000000000         1.715675942376984
 192.000000000000000         1.718421523973455
 193.000000000000000         1.721169932426607
 194.000000000000000         1.723835072942276
 195.000000000000000         1.726512800125086
 196.000000000000000         1.729128213282185
 197.000000000000000         1.731662137831555
 198.000000000000000         1.734171569739549
 199.000000000000000         1.736797608091578
 200.000000000000000         1.739307652863282
 201.000000000000000         1.741744196895407
 202.000000000000000         1.744185430947089
 203.000000000000000         1.746644158408325
 204.000000000000000         1.749069213317625
 205.000000000000000         1.751356767176825
 206.000000000000000         1.753702685017793
 207.000000000000000         1.756120257304897
 208.000000000000000         1.758433132767151
 209.000000000000000         1.760677381677033
 210.000000000000000         1.762831960818272
 211.000000000000000         1.765109701560765
 212.000000000000000         1.767408665065044
 213.000000000000000         1.769527640670906
 214.000000000000000         1.771707092324400
 215.000000000000000         1.773891836394226
 216.000000000000000         1.776035732805134
 217.000000000000000         1.778106402331573
 218.000000000000000         1.780204828960374
 219.000000000000000         1.782279285417782
 220.000000000000000         1.784337763047849
 221.000000000000000         1.786388962104136
 222.000000000000000         1.788466139324278
 223.000000000000000         1.790471495144486
 224.000000000000000         1.792434510010117
 225.000000000000000         1.794450176083353
 226.000000000000000         1.796364872214006
 227.000000000000000         1.798241994120472
 228.000000000000000         1.800238022619051
 229.000000000000000         1.802182921068162
 230.000000000000000         1.804042491201368
 231.000000000000000         1.805991366292458
 232.000000000000000         1.807890745631088
 233.000000000000000         1.809737702192520
 234.000000000000000         1.811557467538208
 235.000000000000000         1.813391484923797
 236.000000000000000         1.815216479097672
 237.000000000000000         1.817056027589239
 238.000000000000000         1.818908956270176
 239.000000000000000         1.820607528824379
 240.000000000000000         1.822381575258164
 241.000000000000000         1.824173221262284
 242.000000000000000         1.825926632873775
 243.000000000000000         1.827713173166037
 244.000000000000000         1.829433303244373
 245.000000000000000         1.831132182847950
 246.000000000000000         1.832828556185059
 247.000000000000000         1.834506296893442
 248.000000000000000         1.836226325043945
 249.000000000000000         1.837961541173976
 250.000000000000000         1.839579712916255
 251.000000000000000         1.841282696101732
 252.000000000000000         1.842947182729827
 253.000000000000000         1.844511779508345
 254.000000000000000         1.846171494271503
 255.000000000000000         1.847843879354251
 256.000000000000000         1.849417275334750
 257.000000000000000         1.851003936258475
 258.000000000000000         1.852647190690681
 259.000000000000000         1.854246616267758
 260.000000000000000         1.855827638263456
 261.000000000000000         1.857392766410577
 262.000000000000000         1.858956835827416
 263.000000000000000         1.860511578032605
 264.000000000000000         1.862088480758228
 265.000000000000000         1.863598082140925
 266.000000000000000         1.865146409002383
 267.000000000000000         1.866761416973014
 268.000000000000000         1.868194488434794
 269.000000000000000         1.869648598965891
 270.000000000000000         1.871152741877094
 271.000000000000000         1.872725675295985
 272.000000000000000         1.874231966099447
 273.000000000000000         1.875665733795687
 274.000000000000000         1.877130302804893
 275.000000000000000         1.878652989846150
 276.000000000000000         1.880147878754729
 277.000000000000000         1.881539539094490
 278.000000000000000         1.882990470888189
 279.000000000000000         1.884474736702268
 280.000000000000000         1.885947120333875
 281.000000000000000         1.887309032033412
 282.000000000000000         1.888795697391751
 283.000000000000000         1.890166327875330
 284.000000000000000         1.891602916578588
 285.000000000000000         1.893111405082001
 286.000000000000000         1.894389660444319
 287.000000000000000         1.895731103528360
 288.000000000000000         1.897235133082507
 289.000000000000000         1.898667996790160
 290.000000000000000         1.899985107805342
 291.000000000000000         1.901383772032065
 292.000000000000000         1.902712261205758
 293.000000000000000         1.904071659304528
 294.000000000000000         1.905410218744173
 295.000000000000000         1.906830982513208
 296.000000000000000         1.908237497293022
 297.000000000000000         1.909534640395831
 298.000000000000000         1.910709640288792
 299.000000000000000         1.912105265983912
 300.000000000000000         1.913511939139806
 301.000000000000000         1.914828550396515
 302.000000000000000         1.916249614362078
 303.000000000000000         1.917433714188252
 304.000000000000000         1.918716542962587
 305.000000000000000         1.920067203760650
 306.000000000000000         1.921394152809950
 307.000000000000000         1.922694149145564
 308.000000000000000         1.923980611481480
 309.000000000000000         1.925276190312427
 310.000000000000000         1.926417278728734
 311.000000000000000         1.927836681506387
 312.000000000000000         1.929170874408097
 313.000000000000000         1.930186846364341
 314.000000000000000         1.931579847248203
 315.000000000000000         1.932934405039498
 316.000000000000000         1.934183680677842
 317.000000000000000         1.935409744439673
 318.000000000000000         1.936519697741034
 319.000000000000000         1.937766429688166
 320.000000000000000         1.939019581540131
 321.000000000000000         1.940464888377774
 322.000000000000000         1.941648363489379
 323.000000000000000         1.942793008302927
 324.000000000000000         1.944216978019098
 325.000000000000000         1.945108660396800
 326.000000000000000         1.946473559374548
 327.000000000000000         1.947728901461318
 328.000000000000000         1.948608937134618
 329.000000000000000         1.950078448237331
 330.000000000000000         1.951468374160193
 331.000000000000000         1.952410407776165
 332.000000000000000         1.953466433259000
 333.000000000000000         1.954967331754141
 334.000000000000000         1.956068146174469
 335.000000000000000         1.957052822287208
 336.000000000000000         1.958343481475624
 337.000000000000000         1.959491938269252
 338.000000000000000         1.960555198026671
 339.000000000000000         1.961809210012213
 340.000000000000000         1.963317781573393
 341.000000000000000         1.964292580259120
 342.000000000000000         1.965184604913094
 343.000000000000000         1.966574503652143
 344.000000000000000         1.967617807319035
 345.000000000000000         1.968734718107511
 346.000000000000000         1.970004931663836
 347.000000000000000         1.971199373443733
 348.000000000000000         1.972146419564334
 349.000000000000000         1.973471781474875
 350.000000000000000         1.974641565498069
 351.000000000000000         1.975241339405770
 352.000000000000000         1.976616865990004
 353.000000000000000         1.977673312793752
 354.000000000000000         1.978875287127859
 355.000000000000000         1.980091979041150
 356.000000000000000         1.980979933299187
 357.000000000000000         1.982214111721335
 358.000000000000000         1.983263524097675
 359.000000000000000         1.984526388992774
 360.000000000000000         1.985822486237491
 361.000000000000000         1.986686835523071
 362.000000000000000         1.987654066326837
 363.000000000000000         1.988584584545119
 364.000000000000000         1.989875406835045
 365.000000000000000         1.990939042090324
 366.000000000000000         1.991820022801124
 367.000000000000000         1.993019481692641
 368.000000000000000         1.994221156750412
 369.000000000000000         1.995235548137034
 370.000000000000000         1.996263752411005
 371.000000000000000         1.997449102556806
 372.000000000000000         1.998340908459582
 373.000000000000000         1.999400199928578
 374.000000000000000         2.000500843898330
 375.000000000000000         2.001521136467377
 376.000000000000000         2.002593142438489
 377.000000000000000         2.003432281171816
 378.000000000000000         2.004856134932119
 379.000000000000000         2.005743270863739
 380.000000000000000         2.006449600426520
 381.000000000000000         2.007857031427768
 382.000000000000000         2.008643206223391
 383.000000000000000         2.009743418567923
 384.000000000000000         2.010894420858075
 385.000000000000000         2.011748679589923
 386.000000000000000         2.012695040767324
 387.000000000000000         2.013674994832147
 388.000000000000000         2.015003836293100
 389.000000000000000         2.015673376295236
 390.000000000000000         2.016590234659069
 391.000000000000000         2.018014035211220
 392.000000000000000         2.018930927581674
 393.000000000000000         2.019816468781116
 394.000000000000000         2.020651492536534
 395.000000000000000         2.021845692275773
 396.000000000000000         2.022935817909314
 397.000000000000000         2.023676193558201
 398.000000000000000         2.024527135342467
 399.000000000000000         2.025749282553475
 400.000000000000000         2.026835577217176
 401.000000000000000         2.027697861513507
 402.000000000000000         2.028519444379703
 403.000000000000000         2.029386013859254
 404.000000000000000         2.030661704017445
 405.000000000000000         2.031862504452919
 406.000000000000000         2.032118977102773
 407.000000000000000         2.032869137924506
 408.000000000000000         2.034318625450731
 409.000000000000000         2.035404492133295
 410.000000000000000         2.036493278688475
 411.000000000000000         2.037554904098215
 412.000000000000000         2.037752127560854
 413.000000000000000         2.038637462490452
 414.000000000000000         2.040278736246759
 415.000000000000000         2.041268240725377
 416.000000000000000         2.041615719583245
 417.000000000000000         2.042471205528136
 418.000000000000000         2.043897521607630
 419.000000000000000         2.044355156194041
 420.000000000000000         2.045357466986476
 421.000000000000000         2.046472777171199
 422.000000000000000         2.047255886912552
 423.000000000000000         2.048355850897194
 424.000000000000000         2.049210782961528
 425.000000000000000         2.049944240233184
 426.000000000000000         2.051236647027721
 427.000000000000000         2.051803035721260
 428.000000000000000         2.052538312928734
 429.000000000000000         2.053887079170820
 430.000000000000000         2.054444828431284
 431.000000000000000         2.055473418826200
 432.000000000000000         2.056115064434579
 433.000000000000000         2.057012331908797
 434.000000000000000         2.058018578913956
 435.000000000000000         2.058724676516919
 436.000000000000000         2.060214375832065
 437.000000000000000         2.060558547857643
 438.000000000000000         2.060828647742695
 439.000000000000000         2.062324280931986
 440.000000000000000         2.063301667447349
 441.000000000000000         2.064266530353896
 442.000000000000000         2.065241954867866
 443.000000000000000         2.065800906174293
 444.000000000000000         2.066469216141429
 445.000000000000000         2.067346375798736
 446.000000000000000         2.068554009499870
 447.000000000000000         2.069503861026289
 448.000000000000000         2.069934571412516
 449.000000000000000         2.070533882148606
 450.000000000000000         2.071615997662701
 451.000000000000000         2.072691905685268
 452.000000000000000         2.073430178670319
 453.000000000000000         2.074469463154479
 454.000000000000000         2.075240812633497
 455.000000000000000         2.075870377518755
 456.000000000000000         2.076900342931808
 457.000000000000000         2.077328398462270
 458.000000000000000         2.078033120001534
 459.000000000000000         2.078909286068306
 460.000000000000000         2.079847477478901
 461.000000000000000         2.081136719503062
 462.000000000000000         2.081636019830806
 463.000000000000000         2.081954510247039
 464.000000000000000         2.083220942015119
 465.000000000000000         2.084347014389650
 466.000000000000000         2.084839961887727
 467.000000000000000         2.085438872298892
 468.000000000000000         2.086032644229681
 469.000000000000000         2.087171566102947
 470.000000000000000         2.088412321663383
 471.000000000000000         2.088878244041652
 472.000000000000000         2.089210523362698
 473.000000000000000         2.089935872644541
 474.000000000000000         2.091190500580916
 475.000000000000000         2.091788379501293
 476.000000000000000         2.092201898890516
 477.000000000000000         2.093440316393750
 478.000000000000000         2.094422022219028
 479.000000000000000         2.095053770618498
 480.000000000000000         2.095582756359712
 481.000000000000000         2.096155533394370
 482.000000000000000         2.097037934087575
 483.000000000000000         2.097899943371071
 484.000000000000000         2.098714625110376
 485.000000000000000         2.099334762990056
 486.000000000000000         2.100072228824058
 487.000000000000000         2.101127475782244
 488.000000000000000         2.101728643774003
 489.000000000000000         2.101955684070583
 490.000000000000000         2.102996822579399
 491.000000000000000         2.103905557320955
 492.000000000000000         2.104351336848565
 493.000000000000000         2.105586909053566
 494.000000000000000         2.106118612349133
 495.000000000000000         2.106590301422081
 496.000000000000000         2.107427501006093
 497.000000000000000         2.108107764047011
 498.000000000000000         2.108789826273472
 499.000000000000000         2.109375741275008
 500.000000000000000         2.110347125581459
 501.000000000000000         2.111258577488245
 502.000000000000000         2.111848483618302
 503.000000000000000         2.112422303630128
 504.000000000000000         2.113067461078661
 505.000000000000000         2.113678990849371
 506.000000000000000         2.114360938766637
 507.000000000000000         2.115255417194443
 508.000000000000000         2.115784319713557
 509.000000000000000         2.116757709559859
 510.000000000000000         2.117476153649924
 511.000000000000000         2.117722753235935
 512.000000000000000         2.118590716424903
 513.000000000000000         2.119559141923961
 514.000000000000000         2.120089187199294
 515.000000000000000         2.120301386082322
 516.000000000000000         2.121339058517112
 517.000000000000000         2.121986795787497
 518.000000000000000         2.122497387423836
 519.000000000000000         2.123601122810156
 520.000000000000000         2.124021532621696
 521.000000000000000         2.124513981452079
 522.000000000000000         2.125343384110900
 523.000000000000000         2.126074493696252
 524.000000000000000         2.126496492359352
 525.000000000000000         2.127086523289617
 526.000000000000000         2.128160130980792
 527.000000000000000         2.128658329891577
 528.000000000000000         2.128817428308804
 529.000000000000000         2.129786230757076
 530.000000000000000         2.130706600581535
 531.000000000000000         2.131216118901514
 532.000000000000000         2.131737532343870
 533.000000000000000         2.132048754814400
 534.000000000000000         2.133099549053461
 535.000000000000000         2.133819164541682
 536.000000000000000         2.134266473096753
 537.000000000000000         2.134734739578096
 538.000000000000000         2.135218774729495
 539.000000000000000         2.136329144176100
 540.000000000000000         2.137064964680511
 541.000000000000000         2.137217675332140
 542.000000000000000         2.137813009659176
 543.000000000000000         2.138370092612275
 544.000000000000000         2.138826454964772
 545.000000000000000         2.139998764009064
 546.000000000000000         2.140685010171206
 547.000000000000000         2.140782722997911
 548.000000000000000         2.141139860219911
 549.000000000000000         2.141759656743591
 550.000000000000000         2.142975025551123
 551.000000000000000         2.143389804203465
 552.000000000000000         2.143629160340491
 553.000000000000000         2.144454310255958
 554.000000000000000         2.145005268111976
 555.000000000000000         2.145640753977453
 556.000000000000000         2.145841589205394
 557.000000000000000         2.146886608999547
 558.000000000000000         2.147866072642716
 559.000000000000000         2.147702136399170
 560.000000000000000         2.148369292010623
 561.000000000000000         2.149096802220002
 562.000000000000000         2.149551656090231
 563.000000000000000         2.150036247153408
 564.000000000000000         2.150466540083940
 565.000000000000000         2.151233356689137
 566.000000000000000         2.151601229653449
 567.000000000000000         2.152167715048903
 568.000000000000000         2.153286650647277
 569.000000000000000         2.154133207342352
 570.000000000000000         2.153955640043888
 571.000000000000000         2.154086693995375
 572.000000000000000         2.154557758503926
 573.000000000000000         2.155450995648537
 574.000000000000000         2.156533052654627
 575.000000000000000         2.156834217808610
 576.000000000000000         2.156576078657870
 577.000000000000000         2.157242538356120
 578.000000000000000         2.158283533967621
 579.000000000000000         2.158634630845941
 580.000000000000000         2.158946791503060
 581.000000000000000         2.160027897222083
 582.000000000000000         2.160906844373902
 583.000000000000000         2.160417845260774
 584.000000000000000         2.161265548056518
 585.000000000000000         2.161684878120415
 586.000000000000000         2.161904224056642
 587.000000000000000         2.162951803017926
 588.000000000000000         2.163305160895687
 589.000000000000000         2.163428755130396
 590.000000000000000         2.163455726873850
 591.000000000000000         2.165067381258494
 592.000000000000000         2.166064792340958
 593.000000000000000         2.165804586568470
 594.000000000000000         2.165541323662840
 595.000000000000000         2.166477515848540
 596.000000000000000         2.167390031868087
 597.000000000000000         2.167450906158275
 598.000000000000000         2.168030178595216
 599.000000000000000         2.168743140116984
 600.000000000000000         2.169502716277087
 601.000000000000000         2.169176806154479
 602.000000000000000         2.169378540911903
 603.000000000000000         2.170205826544457
 604.000000000000000         2.170663654768319
 605.000000000000000         2.171468157946414
 606.000000000000000         2.172247960799261
 607.000000000000000         2.172433369951173
 608.000000000000000         2.172544439667428
 609.000000000000000         2.173339029356069
 610.000000000000000         2.173914976078589
 611.000000000000000         2.173182722277693
 612.000000000000000         2.173698642963621
 613.000000000000000         2.175009136526092
 614.000000000000000         2.175476566244958
 615.000000000000000         2.175855316018326
 616.000000000000000         2.176519491991931
 617.000000000000000         2.176495546237000
 618.000000000000000         2.176639553537690
 619.000000000000000         2.177037176791465
 620.000000000000000         2.177381292848485
 621.000000000000000         2.178290138165119
 622.000000000000000         2.179628073356138
 623.000000000000000         2.179072805726568
 624.000000000000000         2.179156101942893
 625.000000000000000         2.179884085919535
 626.000000000000000         2.180271466736476
 627.000000000000000         2.180837790754559
 628.000000000000000         2.181250153775462
 629.000000000000000         2.181361310451811
 630.000000000000000         2.181214733839649
 631.000000000000000         2.182224748158420
 632.000000000000000         2.183020116106365
 633.000000000000000         2.183782968911430
 634.000000000000000         2.183231313376345
 635.000000000000000         2.183318545637547
 636.000000000000000         2.184324755368029
 637.000000000000000         2.184211646015803
 638.000000000000000         2.184790640603340
 639.000000000000000         2.186040780314656
 640.000000000000000         2.185772917828504
 641.000000000000000         2.185484341341852
 642.000000000000000         2.186721142525385
 643.000000000000000         2.187431053208206
 644.000000000000000         2.187264702658720
 645.000000000000000         2.187454684649123
 646.000000000000000         2.187317055224517
 647.000000000000000         2.188276696537883
 648.000000000000000         2.188356515247019
 649.000000000000000         2.188863836481448
 650.000000000000000         2.189350618499066
 651.000000000000000         2.189760566773920
 652.000000000000000         2.189953880796964
 653.000000000000000         2.190833083577512
 654.000000000000000         2.191027195924884
 655.000000000000000         2.189521120437878
 656.000000000000000         2.191650483389463
 657.000000000000000         2.191721486096430
 658.000000000000000         2.191745998369321
 659.000000000000000         2.192720603386825
 660.000000000000000         2.192126618988849
 661.000000000000000         2.192824666083294
 662.000000000000000         2.193252566311500
 663.000000000000000         2.193809533781744
 664.000000000000000         2.194659664380879
 665.000000000000000         2.193721205695712
 666.000000000000000         2.193946876534859
 667.000000000000000         2.195325969071499
 668.000000000000000         2.194491728301077
 669.000000000000000         2.194748226882965
 670.000000000000000         2.196889092810929
 671.000000000000000         2.196735050192083
 672.000000000000000         2.195760788171784
 673.000000000000000         2.196189545549575
 674.000000000000000         2.197323001132340
 675.000000000000000         2.197024034734637
 676.000000000000000         2.196774505856437
 677.000000000000000         2.197251876594936
 678.000000000000000         2.197904735571562
 679.000000000000000         2.198896221966169
 680.000000000000000         2.198755351751785
 681.000000000000000         2.198931735321278
 682.000000000000000         2.199039064374747
 683.000000000000000         2.199916327071467
 684.000000000000000         2.200561861174392
 685.000000000000000         2.199233982200821
 686.000000000000000         2.199482953783625
 687.000000000000000         2.200303485824831
 688.000000000000000         2.201546359098923
 689.000000000000000         2.201835780114203
 690.000000000000000         2.199940098139191
 691.000000000000000         2.200820973782320
 692.000000000000000         2.202326067820284
 693.000000000000000         2.202149488945218
 694.000000000000000         2.202435675209461
 695.000000000000000         2.201982710625400
 696.000000000000000         2.202700552222538
 697.000000000000000         2.203153993983550
 698.000000000000000         2.203036151229842
 699.000000000000000         2.203695810122165
 700.000000000000000         2.203428182346573
 701.000000000000000         2.203072184521512
 702.000000000000000         2.203434511706469
 703.000000000000000         2.204117794224167
 704.000000000000000         2.205077290381434
 705.000000000000000         2.204741117562109
 706.000000000000000         2.204489283363309
 707.000000000000000         2.205305747906693
 708.000000000000000         2.205376399047411
 709.000000000000000         2.205710623609096
 710.000000000000000         2.205441837077180
 711.000000000000000         2.206006842444822
 712.000000000000000         2.206157908505494
 713.000000000000000         2.206337040874958
 714.000000000000000         2.207467698191393
 715.000000000000000         2.207044254337285
 716.000000000000000         2.205774281852118
 717.000000000000000         2.206931538115306
 718.000000000000000         2.207220439169566
 719.000000000000000         2.207066935691185
 720.000000000000000         2.208075131839812
 721.000000000000000         2.208328044568038
 722.000000000000000         2.207876249160673
 723.000000000000000         2.208477763520785
 724.000000000000000         2.207690884926698
 725.000000000000000         2.207289626787353
 726.000000000000000         2.209565342979120
 727.000000000000000         2.209561856172597
 728.000000000000000         2.208282123624095
 729.000000000000000         2.208465601626414
 730.000000000000000         2.210002540295322
 731.000000000000000         2.209714884434073
 732.000000000000000         2.209654329997009
 733.000000000000000         2.209875001689205
 734.000000000000000         2.209953150041104
 735.000000000000000         2.209179608042919
 736.000000000000000         2.210374121101539
 737.000000000000000         2.211035821554679
 738.000000000000000         2.209809296967423
 739.000000000000000         2.210474371830419
 740.000000000000000         2.211288584650973
 741.000000000000000         2.211365394225213
 742.000000000000000         2.210775784182615
 743.000000000000000         2.211513352504639
 744.000000000000000         2.211350939363478
 745.000000000000000         2.211300489783895
 746.000000000000000         2.211344927717231
 747.000000000000000         2.211935691094650
 748.000000000000000         2.212140011091334
 749.000000000000000         2.210455783322577
 750.000000000000000         2.211921675540414
 751.000000000000000         2.212340296027433
 752.000000000000000         2.212277280554189
 753.000000000000000         2.211891931584252
 754.000000000000000         2.211642713367423
 755.000000000000000         2.213983505365857
 756.000000000000000         2.212423247242429
 757.000000000000000         2.211252520010566
 758.000000000000000         2.212783311627592
 759.000000000000000         2.212662724706643
 760.000000000000000         2.212650462548517
 761.000000000000000         2.214608163103495
 762.000000000000000         2.213847818542993
 763.000000000000000         2.211574248556942
 764.000000000000000         2.213311919993547
 765.000000000000000         2.214053218792505
 766.000000000000000         2.214043582617002
 767.000000000000000         2.213740908101935
 768.000000000000000         2.213455504534622
 769.000000000000000         2.213156738028443
 770.000000000000000         2.213434233305546
 771.000000000000000         2.214300846514525
 772.000000000000000         2.213006050439882
 773.000000000000000         2.213271683089772
 774.000000000000000         2.214839660698671
 775.000000000000000         2.213651364127235
 776.000000000000000         2.214089639582676
 777.000000000000000         2.214175578558846
 778.000000000000000         2.213563725438291
 779.000000000000000         2.214648455443747
 780.000000000000000         2.214622347256146
 781.000000000000000         2.214506450413956
 782.000000000000000         2.213583574221536
 783.000000000000000         2.214808791145553
 784.000000000000000         2.213791388972042
 785.000000000000000         2.213601607097734
 786.000000000000000         2.214831326397927
 787.000000000000000         2.213619849171465
 788.000000000000000         2.213960958081332
 789.000000000000000         2.216695943506352
 790.000000000000000         2.215237567243200
 791.000000000000000         2.213140041736174
 792.000000000000000         2.214786579738559
 793.000000000000000         2.214215808332555
 794.000000000000000         2.214742103063561
 795.000000000000000         2.214074428939683
 796.000000000000000         2.213772153739736
 797.000000000000000         2.214297676625588
 798.000000000000000         2.214587306897923
 799.000000000000000         2.215990496885158
 800.000000000000000         2.214981028109145
 801.000000000000000         2.214357464254672
 802.000000000000000         2.213492458257654
 803.000000000000000         2.214667411540936
 804.000000000000000         2.216244375910477
 805.000000000000000         2.213746285739577
 806.000000000000000         2.213102737186593
 807.000000000000000         2.216194851885446
 808.000000000000000         2.213873828307179
 809.000000000000000         2.212942737255187
 810.000000000000000         2.215125618028174
 811.000000000000000         2.213691214251335
 812.000000000000000         2.213427064818200
 813.000000000000000         2.214686828048967
 814.000000000000000         2.215337447616295
 815.000000000000000         2.213346955133807
 816.000000000000000         2.212862652816727
 817.000000000000000         2.215486609667562
 818.000000000000000         2.215411626515064
 819.000000000000000         2.213404616816081
 820.000000000000000         2.214689143441200
 821.000000000000000         2.214970933339722
 822.000000000000000         2.212917442592434
 823.000000000000000         2.213902078183063
 824.000000000000000         2.212925954360976
 825.000000000000000         2.214474969021747
 826.000000000000000         2.214494617680825
 827.000000000000000         2.212100642087450
 828.000000000000000         2.215194568178477
 829.000000000000000         2.212709648088758
 830.000000000000000         2.211448807698607
 831.000000000000000         2.213147320767793
 832.000000000000000         2.213512980029678
 833.000000000000000         2.213570049572689
 834.000000000000000         2.214109409876307
 835.000000000000000         2.214210502891623
 836.000000000000000         2.211622623283873
 837.000000000000000         2.213293401666921
 838.000000000000000         2.212500987625766
 839.000000000000000         2.211581941576601
 840.000000000000000         2.212797535803480
 841.000000000000000         2.211562524319167
 842.000000000000000         2.212188344553183
 843.000000000000000         2.212362074412075
 844.000000000000000         2.213369775417382
 845.000000000000000         2.212520214171196
 846.000000000000000         2.212140260702470
 847.000000000000000         2.211898249250461
 848.000000000000000         2.210161990229687
 849.000000000000000         2.210942152070024
 850.000000000000000         2.211387856345245
 851.000000000000000         2.211756622852565
 852.000000000000000         2.212112228206820
 853.000000000000000         2.210310365766802
 854.000000000000000         2.210384965503581
 855.000000000000000         2.211126314750885
 856.000000000000000         2.210132189970936
 857.000000000000000         2.212001119259516
 858.000000000000000         2.210767333672932
 859.000000000000000         2.208485332516231
 860.000000000000000         2.210582138903343
 861.000000000000000         2.210823841868745
 862.000000000000000         2.208955806410652
 863.000000000000000         2.211711639180004
 864.000000000000000         2.209385851509080
 865.000000000000000         2.207327429470170
 866.000000000000000         2.209763482647094
 867.000000000000000         2.210187708476017
 868.000000000000000         2.210618480138585
 869.000000000000000         2.207749359293687
 870.000000000000000         2.207233823546896
 871.000000000000000         2.209935721592983
 872.000000000000000         2.208998193170468
 873.000000000000000         2.208412109482020
 874.000000000000000         2.208522068847989
 875.000000000000000         2.206886463673201
 876.000000000000000         2.207976242746974
 877.000000000000000         2.207653517397152
 878.000000000000000         2.206590271040187
 879.000000000000000         2.207713042242057
 880.000000000000000         2.206917769252860
 881.000000000000000         2.206835931587869
 882.000000000000000         2.206712404947026
 883.000000000000000         2.205558338986802
 884.000000000000000         2.206016901113684
 885.000000000000000         2.207125005131532
 886.000000000000000         2.205850766787985
 887.000000000000000         2.204715667975264
 888.000000000000000         2.206546932103738
 889.000000000000000         2.206473062608420
 890.000000000000000         2.203625481032383
 891.000000000000000         2.202566344807388
 892.000000000000000         2.205435871567041
 893.000000000000000         2.204604878258741
 894.000000000000000         2.204151604571912
 895.000000000000000         2.204387230811445
 896.000000000000000         2.203461613304461
 897.000000000000000         2.204477096202905
 898.000000000000000         2.203863515819675
 899.000000000000000         2.202836877386800
 900.000000000000000         2.203870954430654
 901.000000000000000         2.203632221036345
 902.000000000000000         2.201955183264934
 903.000000000000000         2.201768121009027
 904.000000000000000         2.201935870665193
 905.000000000000000         2.202750525539170
 906.000000000000000         2.201510334842586
 907.000000000000000         2.200698595405187
 908.000000000000000         2.200637571420929
 909.000000000000000         2.201067084878224
 910.000000000000000         2.200780707047235
 911.000000000000000         2.199866118381143
 912.000000000000000         2.201215223803419
 913.000000000000000         2.199113906412465
 914.000000000000000         2.200213083251495
 915.000000000000000         2.200730004823754
 916.000000000000000         2.197996253119038
 917.000000000000000         2.200168276874130
 918.000000000000000         2.198750409416116
 919.000000000000000         2.197198918607772
 920.000000000000000         2.196798984048792
 921.000000000000000         2.198377983681281
 922.000000000000000         2.199206577562024
 923.000000000000000         2.196981236827548
 924.000000000000000         2.197543752029705
 925.000000000000000         2.196924447772220
 926.000000000000000         2.195146465788442
 927.000000000000000         2.195038050681935
 928.000000000000000         2.196902450776075
 929.000000000000000         2.197211937546300
 930.000000000000000         2.194736359117536
 931.000000000000000         2.194527139338426
 932.000000000000000         2.194861866143235
 933.000000000000000         2.194223489298497
 934.000000000000000         2.195796219744545
 935.000000000000000         2.193541924875204
 936.000000000000000         2.191684214723420
 937.000000000000000         2.193581722066797
 938.000000000000000         2.193190586092987
 939.000000000000000         2.192602034419119
 940.000000000000000         2.193534256085269
 941.000000000000000         2.193377974494954
 942.000000000000000         2.191914817200362
 943.000000000000000         2.189706565194166
 944.000000000000000         2.190122950438175
 945.000000000000000         2.191793798438978
 946.000000000000000         2.190797690656549
 947.000000000000000         2.189601207426252
 948.000000000000000         2.190591493789787
 949.000000000000000         2.190524700640033
 950.000000000000000         2.188263251321075
 951.000000000000000         2.189153924374990
 952.000000000000000         2.189661474436842
 953.000000000000000         2.187072964338144
 954.000000000000000         2.189049408292034
 955.000000000000000         2.188157433019383
 956.000000000000000         2.185444633589880
 957.000000000000000         2.187596563838551
 958.000000000000000         2.188202388687432
 959.000000000000000         2.186241491595865
 960.000000000000000         2.185026821086919
 961.000000000000000         2.185607282093321
 962.000000000000000         2.185442564719163
 963.000000000000000         2.184847656041051
 964.000000000000000         2.184973200316709
 965.000000000000000         2.184446941810730
 966.000000000000000         2.182456770793468
 967.000000000000000         2.184474023701855
 968.000000000000000         2.183979924750142
 969.000000000000000         2.181410370423050
 970.000000000000000         2.184512062229623
 971.000000000000000         2.182097813022485
 972.000000000000000         2.180259966416547
 973.000000000000000         2.182653485689804
 974.000000000000000         2.180632834192989
 975.000000000000000         2.181217265260690
 976.000000000000000         2.180169994311192
 977.000000000000000         2.178810899014207
 978.000000000000000         2.180488173395260
 979.000000000000000         2.179809437733684
 980.000000000000000         2.179630730038701
 981.000000000000000         2.178401037375644
 982.000000000000000         2.177421862064197
 983.000000000000000         2.177139283118488
 984.000000000000000         2.176372852684926
 985.000000000000000         2.177242137440322
 986.000000000000000         2.176213402304148
 987.000000000000000         2.175245821156102
 988.000000000000000         2.175880092601236
 989.000000000000000         2.174880909908273
 990.000000000000000         2.174791952106160
 991.000000000000000         2.176456487818875
 992.000000000000000         2.174557590910695
 993.000000000000000         2.172476685276779
 994.000000000000000         2.172867115331182
 995.000000000000000         2.173186162652704
 996.000000000000000         2.173309589579785
 997.000000000000000         2.171655270482332
 998.000000000000000         2.171739865821096
 999.000000000000000         2.171852656950213
1000.000000000000000         2.169497175832161
1001.000000000000000         2.169305895754702
1002.000000000000000         2.171868156469702
1003.000000000000000         2.172100806448328
1004.000000000000000         2.168566161740012
1005.000000000000000         2.168229928744559
1006.000000000000000         2.168192126166996
1007.000000000000000         2.168005423431075
1008.000000000000000         2.167007135929973
1009.000000000000000         2.165144161993831
1010.000000000000000         2.167199350252874
1011.000000000000000         2.167475724830086
1012.000000000000000         2.165911814661692
1013.000000000000000         2.165486393823514
1014.000000000000000         2.165242219706235
1015.000000000000000         2.165078661687262
1016.000000000000000         2.163982952597648
1017.000000000000000         2.162085634327475
1018.000000000000000         2.166071000856507
1019.000000000000000         2.163236310121509
1020.000000000000000         2.159640069614943
1021.000000000000000         2.163855424692719
1022.000000000000000         2.160639531292219
1023.000000000000000         2.159064418795400
1024.000000000000000         2.161272140398660
1025.000000000000000         2.158920875125567
1026.000000000000000         2.159527479327466
1027.000000000000000         2.160078537767891
1028.000000000000000         2.156969664272083
1029.000000000000000         2.158233324769894
1030.000000000000000         2.158856699454791
1031.000000000000000         2.157588247730247
1032.000000000000000         2.156357667640577
1033.000000000000000         2.154969842887704
1034.000000000000000         2.155199983563936
1035.000000000000000         2.155859954471846
1036.000000000000000         2.156252715515022
1037.000000000000000         2.153392539212389
1038.000000000000000         2.152358970358513
1039.000000000000000         2.153581843044818
1040.000000000000000         2.153885215084247
1041.000000000000000         2.152708917013306
1042.000000000000000         2.151358251791471
1043.000000000000000         2.153432498971497
1044.000000000000000         2.151225623480491
1045.000000000000000         2.147774751509194
1046.000000000000000         2.149584004953558
1047.000000000000000         2.150523472937219
1048.000000000000000         2.149116460786560
1049.000000000000000         2.148442107462751
1050.000000000000000         2.147625475434133
1051.000000000000000         2.146762984850257
1052.000000000000000         2.146578349619452
1053.000000000000000         2.148470745289301
1054.000000000000000         2.149278977811637
1055.000000000000000         2.144960513810960
1056.000000000000000         2.143809057242458
1057.000000000000000         2.141264458652600
1058.000000000000000         2.143293839065896
1059.000000000000000         2.144533884479120
1060.000000000000000         2.142993006070590
1061.000000000000000         2.145215309956981
1062.000000000000000         2.141911393964854
1063.000000000000000         2.139888135293788
1064.000000000000000         2.140399508490950
1065.000000000000000         2.140755457080401
1066.000000000000000         2.140844066819894
1067.000000000000000         2.137720915496368
1068.000000000000000         2.138993262259706
1069.000000000000000         2.138878446116493
1070.000000000000000         2.138228328306929
1071.000000000000000         2.138610176090635
1072.000000000000000         2.134733550445244
1073.000000000000000         2.133808894490801
1074.000000000000000         2.134744771083142
1075.000000000000000         2.135887688605746
1076.000000000000000         2.135646046655442
1077.000000000000000         2.133765968541758
1078.000000000000000         2.133996755519334
1079.000000000000000         2.134240091564558
1080.000000000000000         2.132449171880050
1081.000000000000000         2.132964538540150
1082.000000000000000         2.128995784850728
1083.000000000000000         2.129216950146126
1084.000000000000000         2.132014791097843
1085.000000000000000         2.128006102622985
1086.000000000000000         2.128574078179314
1087.000000000000000         2.128891103045588
1088.000000000000000         2.126849519343860
1089.000000000000000         2.127552492638341
1090.000000000000000         2.126494239394059
1091.000000000000000         2.126487902715636
1092.000000000000000         2.126414180521070
1093.000000000000000         2.125318751711507
1094.000000000000000         2.125000516625600
1095.000000000000000         2.123882948504475
1096.000000000000000         2.122054158879858
1097.000000000000000         2.121937159370466
1098.000000000000000         2.123204640636736
1099.000000000000000         2.120677369929251
1100.000000000000000         2.121769738608454
1101.000000000000000         2.121294730028859
1102.000000000000000         2.119073194358636
1103.000000000000000         2.119045727424784
1104.000000000000000         2.119072784107576
1105.000000000000000         2.119708341675903
1106.000000000000000         2.117146110974857
1107.000000000000000         2.114451623525432
1108.000000000000000         2.115818127923089
1109.000000000000000         2.116975606742149
1110.000000000000000         2.115394027153997
1111.000000000000000         2.115939811447122
1112.000000000000000         2.111677553813251
1113.000000000000000         2.112835024340470
1114.000000000000000         2.116490400606772
1115.000000000000000         2.113284674151704
1116.000000000000000         2.110396938657094
1117.000000000000000         2.110662738806847
1118.000000000000000         2.113667588913701
1119.000000000000000         2.108460811862744
1120.000000000000000         2.109366722145053
1121.000000000000000         2.109212714815698
1122.000000000000000         2.107759182622094
1123.000000000000000         2.108589662506979
1124.000000000000000         2.104402165888741
1125.000000000000000         2.107163968815676
1126.000000000000000         2.105646479451261
1127.000000000000000         2.104373131794905
1128.000000000000000         2.104636430230884
1129.000000000000000         2.103690495801734
1130.000000000000000         2.102834584141328
1131.000000000000000         2.102440976351973
1132.000000000000000         2.103454422939235
1133.000000000000000         2.100833011829262
1134.000000000000000         2.100597166940393
1135.000000000000000         2.101088966014383
1136.000000000000000         2.098871181077374
1137.000000000000000         2.097273291785294
1138.000000000000000         2.097743041452260
1139.000000000000000         2.099555334498972
1140.000000000000000         2.097825673585255
1141.000000000000000         2.095151915011096
1142.000000000000000         2.095988606601741
1143.000000000000000         2.095903052137787
1144.000000000000000         2.093590119722631
1145.000000000000000         2.091178236642933
1146.000000000000000         2.091169305607955
1147.000000000000000         2.093508488972921
1148.000000000000000         2.092681778138111
1149.000000000000000         2.091115068199339
1150.000000000000000         2.091739129545533
1151.000000000000000         2.090145361746828
1152.000000000000000         2.088948254288492
1153.000000000000000         2.088729105770251
1154.000000000000000         2.087851129144816
1155.000000000000000         2.088010656823962
1156.000000000000000         2.089202806502465
1157.000000000000000         2.088933795576009
1158.000000000000000         2.084912723929107
1159.000000000000000         2.079851288866008
1160.000000000000000         2.082663570457557
1161.000000000000000         2.084985890074655
1162.000000000000000         2.080406515209598
1163.000000000000000         2.082147054036657
1164.000000000000000         2.082426491781099
1165.000000000000000         2.082261491426716
1166.000000000000000         2.082216274239002
1167.000000000000000         2.078660373263945
1168.000000000000000         2.076491695617130
1169.000000000000000         2.078194937548855
1170.000000000000000         2.080188645008394
1171.000000000000000         2.075995862443055
1172.000000000000000         2.072817692574570
1173.000000000000000         2.074777720318242
1174.000000000000000         2.076724575060435
1175.000000000000000         2.074869480247661
1176.000000000000000         2.073359973803223
1177.000000000000000         2.073459205964276
1178.000000000000000         2.073438315300598
1179.000000000000000         2.071637937503477
1180.000000000000000         2.069966548951873
1181.000000000000000         2.069118664382496
1182.000000000000000         2.069151571022244
1183.000000000000000         2.068270934675029
1184.000000000000000         2.067518107794732
1185.000000000000000         2.070171919348291
1186.000000000000000         2.067712201164668
1187.000000000000000         2.064936538993862
1188.000000000000000         2.063517232093003
1189.000000000000000         2.063299617484830
1190.000000000000000         2.064670622090939
1191.000000000000000         2.063912533703170
1192.000000000000000         2.064078046439760
1193.000000000000000         2.062594471762130
1194.000000000000000         2.060118359262265
1195.000000000000000         2.062563991636726
1196.000000000000000         2.059589886464412
1197.000000000000000         2.054886352343933
1198.000000000000000         2.059982030336006
1199.000000000000000         2.056901234847063
1200.000000000000000         2.058135838662337
