# Volume points
  17.03542    0.21383   0.21380   0.21330   0.21115   0.20635   0.19847   0.18748   0.17350   0.15670   0.13728   0.11545   0.09136   0.06517   0.03703   0.00706  -0.02464  -0.05795  -0.09279  -0.12908  -0.16674  -0.20571  -0.24593  -0.28734  -0.32990  -0.37354
  18.12247    0.08483   0.08479   0.08408   0.08118   0.07503   0.06535   0.05222   0.03585   0.01651  -0.00557  -0.03016  -0.05707  -0.08614  -0.11720  -0.15012  -0.18479  -0.22110  -0.25896  -0.29829  -0.33900  -0.38104  -0.42433  -0.46882  -0.51446  -0.56120
  19.25481    0.04045   0.04040   0.03942   0.03567   0.02815   0.01672   0.00160  -0.01693  -0.03854  -0.06298  -0.08999  -0.11936  -0.15092  -0.18451  -0.21998  -0.25722  -0.29611  -0.33656  -0.37849  -0.42181  -0.46646  -0.51238  -0.55950  -0.60778  -0.65715
  20.43336    0.05930   0.05923   0.05800   0.05352   0.04488   0.03209   0.01544  -0.00471  -0.02802  -0.05420  -0.08299  -0.11417  -0.14755  -0.18298  -0.22030  -0.25940  -0.30017  -0.34250  -0.38631  -0.43152  -0.47806  -0.52587  -0.57490  -0.62507  -0.67636
  21.65904    0.13838   0.13830   0.13678   0.13151   0.12174   0.10759   0.08947   0.06776   0.04283   0.01499  -0.01548  -0.04836  -0.08347  -0.12063  -0.15969  -0.20054  -0.24306  -0.28715  -0.33273  -0.37971  -0.42803  -0.47761  -0.52841  -0.58037  -0.63344
  22.93278    0.26698   0.26665   0.26301   0.25384   0.23919   0.21965   0.19583   0.16825   0.13732   0.10340   0.06677   0.02770  -0.01364  -0.05705  -0.10239  -0.14953  -0.19836  -0.24877  -0.30067  -0.35399  -0.40865  -0.46458  -0.52174  -0.58005  -0.63948
  24.25551    0.42825   0.42638   0.41953   0.40772   0.39139   0.37111   0.34739   0.32066   0.29127   0.25949   0.22557   0.18969   0.15202   0.11270   0.07184   0.02956  -0.01406  -0.05894  -0.10500  -0.15218  -0.20043  -0.24969  -0.29992  -0.35107  -0.40310

# Fitted data
  17.03542    0.21387   0.21391   0.21349   0.21133   0.20645   0.19844   0.18726   0.17305   0.15599   0.13628   0.11412   0.08969   0.06313   0.03460   0.00422  -0.02790  -0.06166  -0.09695  -0.13372  -0.17187  -0.21134  -0.25207  -0.29401  -0.33710  -0.38130
  17.07152    0.20799   0.20801   0.20756   0.20536   0.20043   0.19238   0.18115   0.16689   0.14978   0.13004   0.10784   0.08337   0.05679   0.02823  -0.00217  -0.03431  -0.06807  -0.10338  -0.14015  -0.17831  -0.21778  -0.25851  -0.30044  -0.34352  -0.38770
  17.10762    0.20224   0.20224   0.20175   0.19951   0.19454   0.18644   0.17516   0.16085   0.14370   0.12391   0.10168   0.07717   0.05056   0.02197  -0.00845  -0.04061  -0.07439  -0.10971  -0.14649  -0.18465  -0.22413  -0.26486  -0.30679  -0.34987  -0.39404
  17.14372    0.19660   0.19659   0.19606   0.19379   0.18878   0.18062   0.16930   0.15494   0.13774   0.11791   0.09563   0.07109   0.04444   0.01583  -0.01463  -0.04680  -0.08061  -0.11595  -0.15274  -0.19092  -0.23040  -0.27114  -0.31307  -0.35615  -0.40032
  17.17982    0.19109   0.19105   0.19049   0.18818   0.18313   0.17493   0.16356   0.14915   0.13190   0.11202   0.08970   0.06512   0.03844   0.00979  -0.02069  -0.05290  -0.08673  -0.12209  -0.15890  -0.19709  -0.23659  -0.27733  -0.31927  -0.36236  -0.40653
  17.21592    0.18569   0.18564   0.18505   0.18270   0.17761   0.16936   0.15793   0.14348   0.12618   0.10625   0.08389   0.05927   0.03254   0.00386  -0.02666  -0.05889  -0.09275  -0.12813  -0.16497  -0.20317  -0.24269  -0.28345  -0.32540  -0.36850  -0.41268
  17.25202    0.18041   0.18034   0.17972   0.17734   0.17220   0.16390   0.15243   0.13792   0.12058   0.10060   0.07819   0.05352   0.02676  -0.00196  -0.03251  -0.06478  -0.09867  -0.13408  -0.17094  -0.20917  -0.24871  -0.28949  -0.33146  -0.37456  -0.41876
  17.28812    0.17524   0.17516   0.17451   0.17210   0.16692   0.15857   0.14705   0.13249   0.11509   0.09506   0.07261   0.04789   0.02108  -0.00768  -0.03827  -0.07058  -0.10450  -0.13994  -0.17683  -0.21509  -0.25465  -0.29545  -0.33744  -0.38056  -0.42478
  17.32422    0.17018   0.17009   0.16941   0.16697   0.16175   0.15336   0.14178   0.12716   0.10972   0.08964   0.06713   0.04237   0.01552  -0.01329  -0.04392  -0.07627  -0.11022  -0.14570  -0.18262  -0.22091  -0.26050  -0.30133  -0.34334  -0.38649  -0.43073
  17.36033    0.16524   0.16513   0.16443   0.16196   0.15670   0.14826   0.13663   0.12196   0.10446   0.08433   0.06177   0.03696   0.01005  -0.01880  -0.04947  -0.08186  -0.11586  -0.15137  -0.18833  -0.22665  -0.26627  -0.30713  -0.34917  -0.39235  -0.43661
  17.39643    0.16040   0.16029   0.15957   0.15706   0.15176   0.14327   0.13159   0.11687   0.09931   0.07913   0.05651   0.03165   0.00470  -0.02420  -0.05492  -0.08735  -0.12139  -0.15695  -0.19395  -0.23231  -0.27196  -0.31285  -0.35493  -0.39814  -0.44242
  17.43253    0.15568   0.15556   0.15481   0.15228   0.14693   0.13840   0.12666   0.11189   0.09427   0.07403   0.05137   0.02645  -0.00055  -0.02950  -0.06027  -0.09275  -0.12684  -0.16244  -0.19948  -0.23787  -0.27757  -0.31850  -0.36061  -0.40385  -0.44817
  17.46863    0.15107   0.15094   0.15017   0.14760   0.14222   0.13364   0.12185   0.10702   0.08935   0.06905   0.04633   0.02136  -0.00570  -0.03470  -0.06553  -0.09805  -0.13219  -0.16783  -0.20492  -0.24336  -0.28310  -0.32407  -0.36622  -0.40950  -0.45386
  17.50473    0.14657   0.14642   0.14564   0.14304   0.13762   0.12899   0.11715   0.10226   0.08453   0.06418   0.04140   0.01637  -0.01074  -0.03980  -0.07068  -0.10326  -0.13744  -0.17314  -0.21027  -0.24876  -0.28854  -0.32956  -0.37175  -0.41507  -0.45947
  17.54083    0.14217   0.14202   0.14121   0.13859   0.13313   0.12445   0.11256   0.09761   0.07982   0.05941   0.03657   0.01148  -0.01569  -0.04480  -0.07573  -0.10837  -0.14260  -0.17835  -0.21554  -0.25408  -0.29391  -0.33497  -0.37721  -0.42058  -0.46502
  17.57693    0.13788   0.13772   0.13690   0.13425   0.12875   0.12002   0.10807   0.09307   0.07522   0.05475   0.03185   0.00670  -0.02053  -0.04970  -0.08069  -0.11338  -0.14768  -0.18348  -0.22072  -0.25931  -0.29919  -0.34031  -0.38260  -0.42601  -0.47051
  17.61303    0.13369   0.13352   0.13269   0.13002   0.12448   0.11570   0.10370   0.08863   0.07073   0.05019   0.02723   0.00202  -0.02527  -0.05451  -0.08556  -0.11831  -0.15266  -0.18852  -0.22581  -0.26446  -0.30440  -0.34557  -0.38791  -0.43138  -0.47592
  17.64913    0.12961   0.12943   0.12858   0.12589   0.12031   0.11149   0.09943   0.08431   0.06634   0.04574   0.02271  -0.00256  -0.02992  -0.05921  -0.09032  -0.12313  -0.15755  -0.19347  -0.23082  -0.26953  -0.30952  -0.35075  -0.39315  -0.43667  -0.48127
  17.68523    0.12562   0.12545   0.12458   0.12186   0.11625   0.10738   0.09526   0.08008   0.06205   0.04139   0.01830  -0.00704  -0.03446  -0.06382  -0.09500  -0.12787  -0.16235  -0.19833  -0.23574  -0.27451  -0.31457  -0.35585  -0.39831  -0.44189  -0.48655
  17.72133    0.12175   0.12157   0.12069   0.11794   0.11229   0.10337   0.09120   0.07596   0.05786   0.03714   0.01398  -0.01142  -0.03891  -0.06834  -0.09958  -0.13252  -0.16706  -0.20311  -0.24058  -0.27941  -0.31953  -0.36088  -0.40340  -0.44704  -0.49176
  17.75743    0.11797   0.11778   0.11690   0.11413   0.10844   0.09947   0.08724   0.07194   0.05378   0.03299   0.00976  -0.01571  -0.04326  -0.07276  -0.10406  -0.13707  -0.17168  -0.20780  -0.24534  -0.28424  -0.32442  -0.36583  -0.40842  -0.45213  -0.49691
  17.79353    0.11429   0.11410   0.11321   0.11041   0.10469   0.09567   0.08338   0.06802   0.04980   0.02894   0.00565  -0.01989  -0.04752  -0.07708  -0.10846  -0.14154  -0.17621  -0.21240  -0.25001  -0.28898  -0.32923  -0.37071  -0.41336  -0.45714  -0.50198
  17.82963    0.11071   0.11052   0.10961   0.10680   0.10104   0.09197   0.07963   0.06420   0.04591   0.02499   0.00163  -0.02398  -0.05168  -0.08132  -0.11276  -0.14591  -0.18066  -0.21692  -0.25460  -0.29364  -0.33396  -0.37551  -0.41823  -0.46208  -0.50699
  17.86573    0.10723   0.10704   0.10612   0.10329   0.09749   0.08837   0.07597   0.06048   0.04213   0.02113  -0.00230  -0.02798  -0.05575  -0.08546  -0.11698  -0.15020  -0.18502  -0.22135  -0.25911  -0.29822  -0.33861  -0.38024  -0.42303  -0.46695  -0.51194
  17.90183    0.10385   0.10365   0.10273   0.09987   0.09404   0.08487   0.07241   0.05686   0.03844   0.01737  -0.00613  -0.03188  -0.05972  -0.08951  -0.12110  -0.15440  -0.18930  -0.22570  -0.26353  -0.30272  -0.34319  -0.38489  -0.42776  -0.47175  -0.51681
  17.93793    0.10056   0.10036   0.09943   0.09656   0.09068   0.08147   0.06895   0.05334   0.03485   0.01371  -0.00986  -0.03569  -0.06361  -0.09346  -0.12514  -0.15851  -0.19348  -0.22997  -0.26787  -0.30714  -0.34769  -0.38946  -0.43241  -0.47648  -0.52162
  17.97403    0.09737   0.09717   0.09623   0.09334   0.08743   0.07816   0.06559   0.04991   0.03135   0.01014  -0.01350  -0.03941  -0.06740  -0.09733  -0.12908  -0.16254  -0.19759  -0.23415  -0.27214  -0.31148  -0.35211  -0.39396  -0.43699  -0.48114  -0.52636
  18.01013    0.09427   0.09407   0.09313   0.09021   0.08426   0.07495   0.06232   0.04658   0.02795   0.00667  -0.01705  -0.04303  -0.07110  -0.10111  -0.13294  -0.16648  -0.20161  -0.23825  -0.27632  -0.31574  -0.35645  -0.39839  -0.44150  -0.48572  -0.53103
  18.04623    0.09126   0.09106   0.09012   0.08718   0.08120   0.07183   0.05915   0.04334   0.02464   0.00329  -0.02051  -0.04657  -0.07471  -0.10481  -0.13672  -0.17033  -0.20554  -0.24227  -0.28042  -0.31992  -0.36072  -0.40274  -0.44593  -0.49024  -0.53563
  18.08233    0.08835   0.08815   0.08721   0.08425   0.07823   0.06881   0.05606   0.04019   0.02142  -0.00000  -0.02388  -0.05001  -0.07824  -0.10841  -0.14040  -0.17410  -0.20940  -0.24620  -0.28444  -0.32403  -0.36491  -0.40701  -0.45029  -0.49469  -0.54017
  18.11843    0.08553   0.08533   0.08438   0.08141   0.07535   0.06588   0.05308   0.03713   0.01830  -0.00320  -0.02715  -0.05337  -0.08167  -0.11193  -0.14401  -0.17778  -0.21317  -0.25006  -0.28838  -0.32806  -0.36902  -0.41122  -0.45458  -0.49907  -0.54464
  18.15454    0.08280   0.08260   0.08165   0.07866   0.07256   0.06305   0.05018   0.03417   0.01526  -0.00631  -0.03034  -0.05663  -0.08502  -0.11536  -0.14752  -0.18139  -0.21685  -0.25383  -0.29224  -0.33201  -0.37306  -0.41535  -0.45880  -0.50338  -0.54903
  18.19064    0.08016   0.07996   0.07901   0.07600   0.06986   0.06030   0.04737   0.03130   0.01232  -0.00933  -0.03344  -0.05981  -0.08829  -0.11871  -0.15095  -0.18491  -0.22046  -0.25753  -0.29603  -0.33588  -0.37703  -0.41940  -0.46295  -0.50762  -0.55337
  18.22674    0.07760   0.07741   0.07646   0.07343   0.06726   0.05764   0.04466   0.02851   0.00946  -0.01227  -0.03645  -0.06291  -0.09146  -0.12197  -0.15430  -0.18834  -0.22399  -0.26115  -0.29973  -0.33968  -0.38092  -0.42339  -0.46703  -0.51179  -0.55763
  18.26284    0.07514   0.07495   0.07399   0.07095   0.06474   0.05507   0.04203   0.02582   0.00669  -0.01511  -0.03938  -0.06592  -0.09456  -0.12515  -0.15757  -0.19170  -0.22743  -0.26468  -0.30336  -0.34340  -0.38473  -0.42730  -0.47103  -0.51589  -0.56183
  18.29894    0.07276   0.07258   0.07162   0.06855   0.06231   0.05260   0.03949   0.02321   0.00401  -0.01787  -0.04222  -0.06884  -0.09757  -0.12825  -0.16076  -0.19497  -0.23080  -0.26814  -0.30692  -0.34705  -0.38848  -0.43113  -0.47496  -0.51992  -0.56595
  18.33504    0.07047   0.07029   0.06933   0.06625   0.05997   0.05020   0.03703   0.02069   0.00141  -0.02054  -0.04497  -0.07168  -0.10049  -0.13126  -0.16386  -0.19817  -0.23409  -0.27152  -0.31039  -0.35062  -0.39214  -0.43490  -0.47883  -0.52388  -0.57001
  18.37114    0.06827   0.06809   0.06713   0.06403   0.05772   0.04790   0.03467   0.01825  -0.00110  -0.02313  -0.04764  -0.07443  -0.10333  -0.13419  -0.16688  -0.20129  -0.23730  -0.27483  -0.31379  -0.35412  -0.39574  -0.43859  -0.48262  -0.52777  -0.57401
  18.40724    0.06614   0.06597   0.06502   0.06190   0.05555   0.04568   0.03238   0.01590  -0.00352  -0.02564  -0.05023  -0.07711  -0.10610  -0.13705  -0.16983  -0.20432  -0.24043  -0.27805  -0.31712  -0.35754  -0.39926  -0.44221  -0.48634  -0.53160  -0.57793
  18.44334    0.06411   0.06394   0.06298   0.05985   0.05346   0.04354   0.03019   0.01363  -0.00587  -0.02806  -0.05274  -0.07970  -0.10878  -0.13982  -0.17269  -0.20728  -0.24348  -0.28120  -0.32036  -0.36089  -0.40271  -0.44576  -0.48999  -0.53535  -0.58179
  18.47944    0.06215   0.06199   0.06104   0.05788   0.05146   0.04149   0.02807   0.01145  -0.00813  -0.03040  -0.05516  -0.08221  -0.11138  -0.14251  -0.17548  -0.21016  -0.24646  -0.28428  -0.32354  -0.36416  -0.40608  -0.44924  -0.49357  -0.53904  -0.58558
  18.51554    0.06028   0.06012   0.05917   0.05600   0.04954   0.03952   0.02604   0.00934  -0.01031  -0.03266  -0.05751  -0.08464  -0.11390  -0.14512  -0.17818  -0.21296  -0.24936  -0.28728  -0.32664  -0.36736  -0.40938  -0.45264  -0.49708  -0.54265  -0.58930
  18.55164    0.05849   0.05833   0.05739   0.05420   0.04770   0.03763   0.02409   0.00732  -0.01240  -0.03484  -0.05977  -0.08700  -0.11634  -0.14766  -0.18081  -0.21569  -0.25218  -0.29020  -0.32966  -0.37049  -0.41262  -0.45598  -0.50052  -0.54620  -0.59296
  18.58774    0.05678   0.05663   0.05569   0.05248   0.04595   0.03582   0.02222   0.00538  -0.01442  -0.03694  -0.06196  -0.08927  -0.11871  -0.15012  -0.18337  -0.21834  -0.25493  -0.29305  -0.33262  -0.37355  -0.41578  -0.45924  -0.50390  -0.54968  -0.59654
  18.62384    0.05515   0.05500   0.05406   0.05084   0.04427   0.03409   0.02042   0.00352  -0.01636  -0.03896  -0.06406  -0.09146  -0.12099  -0.15250  -0.18584  -0.22092  -0.25761  -0.29583  -0.33549  -0.37653  -0.41886  -0.46244  -0.50720  -0.55309  -0.60006
  18.65994    0.05360   0.05346   0.05252   0.04928   0.04267   0.03244   0.01871   0.00174  -0.01822  -0.04091  -0.06609  -0.09358  -0.12320  -0.15480  -0.18825  -0.22342  -0.26021  -0.29853  -0.33830  -0.37944  -0.42188  -0.46556  -0.51043  -0.55643  -0.60351
  18.69604    0.05213   0.05199   0.05106   0.04780   0.04116   0.03087   0.01708   0.00003  -0.02000  -0.04277  -0.06804  -0.09562  -0.12534  -0.15703  -0.19057  -0.22584  -0.26274  -0.30116  -0.34104  -0.38228  -0.42483  -0.46862  -0.51359  -0.55970  -0.60690
  18.73214    0.05074   0.05060   0.04967   0.04640   0.03972   0.02938   0.01552  -0.00160  -0.02171  -0.04456  -0.06992  -0.09759  -0.12740  -0.15919  -0.19283  -0.22820  -0.26519  -0.30372  -0.34370  -0.38505  -0.42770  -0.47160  -0.51669  -0.56291  -0.61022
  18.76824    0.04942   0.04929   0.04837   0.04508   0.03835   0.02796   0.01404  -0.00315  -0.02334  -0.04627  -0.07172  -0.09948  -0.12938  -0.16127  -0.19501  -0.23048  -0.26757  -0.30621  -0.34629  -0.38775  -0.43051  -0.47452  -0.51971  -0.56605  -0.61347
  18.80434    0.04818   0.04806   0.04713   0.04383   0.03707   0.02662   0.01264  -0.00463  -0.02489  -0.04791  -0.07345  -0.10130  -0.13129  -0.16328  -0.19711  -0.23268  -0.26988  -0.30862  -0.34881  -0.39037  -0.43325  -0.47737  -0.52267  -0.56912  -0.61665
  18.84044    0.04701   0.04690   0.04598   0.04265   0.03586   0.02536   0.01131  -0.00603  -0.02637  -0.04947  -0.07510  -0.10304  -0.13313  -0.16521  -0.19915  -0.23482  -0.27212  -0.31096  -0.35126  -0.39293  -0.43591  -0.48014  -0.52556  -0.57212  -0.61977
  18.87654    0.04592   0.04581   0.04490   0.04155   0.03472   0.02417   0.01006  -0.00735  -0.02778  -0.05097  -0.07668  -0.10471  -0.13490  -0.16707  -0.20111  -0.23688  -0.27429  -0.31324  -0.35364  -0.39542  -0.43851  -0.48285  -0.52838  -0.57506  -0.62282
  18.91264    0.04490   0.04480   0.04389   0.04053   0.03366   0.02305   0.00887  -0.00861  -0.02911  -0.05238  -0.07818  -0.10631  -0.13659  -0.16886  -0.20300  -0.23887  -0.27639  -0.31544  -0.35595  -0.39784  -0.44104  -0.48549  -0.53114  -0.57792  -0.62580
  18.94875    0.04396   0.04386   0.04296   0.03958   0.03267   0.02201   0.00777  -0.00979  -0.03038  -0.05373  -0.07962  -0.10784  -0.13821  -0.17058  -0.20482  -0.24080  -0.27841  -0.31757  -0.35819  -0.40019  -0.44350  -0.48807  -0.53382  -0.58072  -0.62872
  18.98485    0.04309   0.04300   0.04210   0.03870   0.03175   0.02104   0.00673  -0.01090  -0.03157  -0.05500  -0.08098  -0.10929  -0.13976  -0.17223  -0.20657  -0.24265  -0.28037  -0.31964  -0.36036  -0.40247  -0.44590  -0.49057  -0.53644  -0.58346  -0.63157
  19.02095    0.04229   0.04220   0.04131   0.03789   0.03090   0.02014   0.00576  -0.01194  -0.03268  -0.05621  -0.08227  -0.11068  -0.14124  -0.17381  -0.20825  -0.24443  -0.28226  -0.32163  -0.36247  -0.40469  -0.44822  -0.49301  -0.53900  -0.58613  -0.63435
  19.05705    0.04156   0.04148   0.04059   0.03716   0.03013   0.01931   0.00487  -0.01291  -0.03373  -0.05734  -0.08350  -0.11199  -0.14265  -0.17532  -0.20986  -0.24615  -0.28408  -0.32356  -0.36450  -0.40683  -0.45048  -0.49538  -0.54148  -0.58873  -0.63707
  19.09315    0.04090   0.04083   0.03994   0.03649   0.02942   0.01855   0.00404  -0.01381  -0.03471  -0.05840  -0.08465  -0.11324  -0.14400  -0.17676  -0.21140  -0.24779  -0.28583  -0.32542  -0.36647  -0.40891  -0.45267  -0.49768  -0.54390  -0.59126  -0.63972
  19.12925    0.04032   0.04025   0.03936   0.03589   0.02878   0.01786   0.00329  -0.01464  -0.03562  -0.05940  -0.08574  -0.11442  -0.14527  -0.17814  -0.21288  -0.24937  -0.28752  -0.32721  -0.36837  -0.41092  -0.45479  -0.49992  -0.54625  -0.59373  -0.64231
  19.16535    0.03980   0.03974   0.03886   0.03537   0.02822   0.01723   0.00260  -0.01540  -0.03646  -0.06033  -0.08675  -0.11553  -0.14648  -0.17944  -0.21429  -0.25088  -0.28913  -0.32893  -0.37020  -0.41287  -0.45685  -0.50209  -0.54854  -0.59613  -0.64483
  19.20145    0.03935   0.03930   0.03842   0.03491   0.02772   0.01668   0.00198  -0.01609  -0.03724  -0.06119  -0.08770  -0.11657  -0.14762  -0.18068  -0.21563  -0.25233  -0.29068  -0.33059  -0.37197  -0.41474  -0.45884  -0.50420  -0.55076  -0.59847  -0.64728
  19.23755    0.03897   0.03892   0.03804   0.03451   0.02729   0.01619   0.00142  -0.01672  -0.03795  -0.06198  -0.08859  -0.11755  -0.14869  -0.18186  -0.21690  -0.25371  -0.29217  -0.33218  -0.37367  -0.41656  -0.46077  -0.50624  -0.55291  -0.60074  -0.64967
  19.27365    0.03865   0.03861   0.03774   0.03419   0.02692   0.01577   0.00094  -0.01728  -0.03859  -0.06271  -0.08941  -0.11846  -0.14970  -0.18296  -0.21811  -0.25502  -0.29359  -0.33371  -0.37531  -0.41830  -0.46262  -0.50821  -0.55500  -0.60294  -0.65199
  19.30975    0.03840   0.03837   0.03750   0.03393   0.02662   0.01541   0.00051  -0.01778  -0.03917  -0.06337  -0.09016  -0.11931  -0.15064  -0.18401  -0.21925  -0.25627  -0.29494  -0.33517  -0.37688  -0.41999  -0.46442  -0.51012  -0.55702  -0.60508  -0.65425
  19.34585    0.03822   0.03819   0.03733   0.03374   0.02639   0.01512   0.00016  -0.01821  -0.03968  -0.06397  -0.09085  -0.12009  -0.15152  -0.18498  -0.22033  -0.25745  -0.29623  -0.33657  -0.37839  -0.42160  -0.46615  -0.51196  -0.55898  -0.60716  -0.65644
  19.38195    0.03811   0.03808   0.03722   0.03361   0.02622   0.01490  -0.00014  -0.01858  -0.04013  -0.06451  -0.09147  -0.12081  -0.15234  -0.18590  -0.22135  -0.25857  -0.29745  -0.33790  -0.37983  -0.42315  -0.46781  -0.51374  -0.56087  -0.60917  -0.65857
  19.41805    0.03805   0.03804   0.03717   0.03354   0.02611   0.01474  -0.00037  -0.01888  -0.04052  -0.06498  -0.09203  -0.12146  -0.15309  -0.18675  -0.22230  -0.25963  -0.29861  -0.33917  -0.38120  -0.42464  -0.46941  -0.51545  -0.56270  -0.61111  -0.66063
  19.45415    0.03807   0.03806   0.03720   0.03354   0.02607   0.01464  -0.00053  -0.01913  -0.04084  -0.06539  -0.09253  -0.12205  -0.15378  -0.18753  -0.22319  -0.26062  -0.29971  -0.34037  -0.38252  -0.42607  -0.47095  -0.51710  -0.56447  -0.61299  -0.66263
  19.49025    0.03814   0.03814   0.03728   0.03360   0.02609   0.01460  -0.00064  -0.01931  -0.04110  -0.06573  -0.09297  -0.12258  -0.15440  -0.18826  -0.22401  -0.26155  -0.30075  -0.34152  -0.38377  -0.42743  -0.47242  -0.51869  -0.56617  -0.61481  -0.66456
  19.52635    0.03828   0.03828   0.03742   0.03373   0.02617   0.01462  -0.00068  -0.01942  -0.04130  -0.06602  -0.09334  -0.12305  -0.15497  -0.18892  -0.22478  -0.26241  -0.30172  -0.34259  -0.38496  -0.42872  -0.47383  -0.52021  -0.56780  -0.61656  -0.66643
  19.56245    0.03848   0.03849   0.03763   0.03391   0.02631   0.01471  -0.00066  -0.01948  -0.04144  -0.06624  -0.09365  -0.12346  -0.15547  -0.18952  -0.22548  -0.26322  -0.30263  -0.34361  -0.38608  -0.42996  -0.47518  -0.52167  -0.56938  -0.61825  -0.66823
  19.59855    0.03875   0.03876   0.03790   0.03416   0.02651   0.01485  -0.00058  -0.01948  -0.04151  -0.06641  -0.09391  -0.12380  -0.15591  -0.19006  -0.22612  -0.26396  -0.30348  -0.34457  -0.38714  -0.43113  -0.47646  -0.52306  -0.57088  -0.61987  -0.66997
  19.63465    0.03907   0.03909   0.03823   0.03447   0.02678   0.01506  -0.00045  -0.01941  -0.04153  -0.06651  -0.09410  -0.12409  -0.15629  -0.19054  -0.22670  -0.26465  -0.30426  -0.34546  -0.38814  -0.43224  -0.47768  -0.52440  -0.57233  -0.62143  -0.67164
  19.67075    0.03945   0.03948   0.03862   0.03483   0.02710   0.01532  -0.00025  -0.01929  -0.04149  -0.06655  -0.09424  -0.12432  -0.15661  -0.19096  -0.22722  -0.26527  -0.30499  -0.34629  -0.38908  -0.43329  -0.47884  -0.52567  -0.57371  -0.62293  -0.67326
  19.70685    0.03990   0.03993   0.03907   0.03526   0.02748   0.01565   0.00001  -0.01911  -0.04139  -0.06654  -0.09431  -0.12449  -0.15688  -0.19132  -0.22768  -0.26583  -0.30566  -0.34706  -0.38996  -0.43428  -0.47994  -0.52687  -0.57503  -0.62436  -0.67480
  19.74296    0.04040   0.04044   0.03958   0.03574   0.02792   0.01603   0.00032  -0.01887  -0.04123  -0.06647  -0.09433  -0.12460  -0.15708  -0.19163  -0.22808  -0.26633  -0.30626  -0.34777  -0.39078  -0.43520  -0.48097  -0.52802  -0.57629  -0.62573  -0.67629
  19.77906    0.04097   0.04101   0.04015   0.03628   0.02842   0.01647   0.00069  -0.01858  -0.04102  -0.06634  -0.09429  -0.12465  -0.15723  -0.19187  -0.22843  -0.26678  -0.30681  -0.34843  -0.39154  -0.43607  -0.48194  -0.52910  -0.57748  -0.62704  -0.67771
  19.81516    0.04159   0.04164   0.04077   0.03688   0.02897   0.01696   0.00112  -0.01823  -0.04075  -0.06615  -0.09419  -0.12464  -0.15732  -0.19205  -0.22871  -0.26716  -0.30730  -0.34902  -0.39224  -0.43687  -0.48286  -0.53013  -0.57862  -0.62828  -0.67907
  19.85126    0.04227   0.04232   0.04145   0.03754   0.02958   0.01751   0.00160  -0.01782  -0.04042  -0.06591  -0.09404  -0.12458  -0.15735  -0.19218  -0.22894  -0.26749  -0.30773  -0.34955  -0.39287  -0.43762  -0.48371  -0.53109  -0.57969  -0.62946  -0.68036
  19.88736    0.04300   0.04306   0.04219   0.03825   0.03025   0.01812   0.00214  -0.01736  -0.04004  -0.06561  -0.09383  -0.12446  -0.15732  -0.19225  -0.22911  -0.26776  -0.30810  -0.35003  -0.39345  -0.43830  -0.48450  -0.53199  -0.58070  -0.63058  -0.68159
  19.92346    0.04380   0.04386   0.04299   0.03902   0.03097   0.01878   0.00273  -0.01684  -0.03960  -0.06526  -0.09356  -0.12429  -0.15724  -0.19227  -0.22922  -0.26797  -0.30841  -0.35044  -0.39397  -0.43893  -0.48523  -0.53283  -0.58165  -0.63164  -0.68276
  19.95956    0.04465   0.04471   0.04384   0.03984   0.03175   0.01950   0.00338  -0.01627  -0.03911  -0.06485  -0.09324  -0.12406  -0.15711  -0.19223  -0.22928  -0.26813  -0.30867  -0.35080  -0.39444  -0.43949  -0.48591  -0.53361  -0.58253  -0.63264  -0.68387
  19.99566    0.04555   0.04562   0.04474   0.04072   0.03258   0.02027   0.00408  -0.01564  -0.03856  -0.06439  -0.09287  -0.12377  -0.15692  -0.19213  -0.22928  -0.26823  -0.30887  -0.35110  -0.39484  -0.44000  -0.48652  -0.53433  -0.58336  -0.63357  -0.68491
  20.03176    0.04651   0.04659   0.04570   0.04165   0.03346   0.02110   0.00484  -0.01496  -0.03796  -0.06388  -0.09244  -0.12344  -0.15667  -0.19198  -0.22922  -0.26827  -0.30901  -0.35134  -0.39518  -0.44045  -0.48707  -0.53498  -0.58413  -0.63445  -0.68589
  20.06786    0.04753   0.04761   0.04672   0.04264   0.03440   0.02197   0.00565  -0.01423  -0.03731  -0.06331  -0.09196  -0.12304  -0.15637  -0.19178  -0.22911  -0.26826  -0.30910  -0.35153  -0.39547  -0.44084  -0.48757  -0.53558  -0.58483  -0.63526  -0.68681
  20.10396    0.04860   0.04868   0.04778   0.04367   0.03539   0.02290   0.00651  -0.01344  -0.03661  -0.06269  -0.09142  -0.12260  -0.15602  -0.19152  -0.22895  -0.26819  -0.30913  -0.35166  -0.39570  -0.44118  -0.48800  -0.53612  -0.58548  -0.63601  -0.68767
  20.14006    0.04972   0.04980   0.04890   0.04476   0.03643   0.02388   0.00742  -0.01261  -0.03585  -0.06201  -0.09084  -0.12210  -0.15561  -0.19120  -0.22873  -0.26807  -0.30910  -0.35174  -0.39588  -0.44145  -0.48838  -0.53661  -0.58606  -0.63670  -0.68847
  20.17616    0.05089   0.05098   0.05008   0.04590   0.03752   0.02491   0.00838  -0.01172  -0.03504  -0.06129  -0.09020  -0.12155  -0.15515  -0.19084  -0.22846  -0.26789  -0.30902  -0.35175  -0.39600  -0.44167  -0.48870  -0.53703  -0.58659  -0.63733  -0.68920
  20.21226    0.05212   0.05221   0.05130   0.04710   0.03866   0.02600   0.00939  -0.01078  -0.03418  -0.06051  -0.08951  -0.12095  -0.15464  -0.19042  -0.22813  -0.26766  -0.30889  -0.35172  -0.39606  -0.44183  -0.48897  -0.53739  -0.58706  -0.63790  -0.68987
  20.24836    0.05340   0.05350   0.05257   0.04834   0.03986   0.02713   0.01046  -0.00979  -0.03327  -0.05969  -0.08877  -0.12030  -0.15408  -0.18995  -0.22775  -0.26738  -0.30870  -0.35163  -0.39607  -0.44194  -0.48917  -0.53770  -0.58746  -0.63841  -0.69049
  20.28446    0.05473   0.05483   0.05390   0.04963   0.04110   0.02831   0.01157  -0.00875  -0.03231  -0.05881  -0.08798  -0.11959  -0.15346  -0.18942  -0.22732  -0.26704  -0.30846  -0.35148  -0.39602  -0.44199  -0.48932  -0.53795  -0.58781  -0.63886  -0.69104
  20.32056    0.05612   0.05622   0.05528   0.05098   0.04240   0.02954   0.01273  -0.00767  -0.03131  -0.05788  -0.08714  -0.11884  -0.15280  -0.18885  -0.22684  -0.26665  -0.30816  -0.35128  -0.39591  -0.44198  -0.48941  -0.53814  -0.58810  -0.63925  -0.69153
  20.35666    0.05755   0.05765   0.05670   0.05237   0.04374   0.03082   0.01394  -0.00653  -0.03025  -0.05691  -0.08625  -0.11804  -0.15208  -0.18822  -0.22631  -0.26621  -0.30782  -0.35103  -0.39575  -0.44192  -0.48944  -0.53827  -0.58833  -0.63958  -0.69196
  20.39276    0.05903   0.05914   0.05818   0.05381   0.04513   0.03215   0.01520  -0.00535  -0.02915  -0.05589  -0.08531  -0.11718  -0.15132  -0.18755  -0.22572  -0.26571  -0.30741  -0.35072  -0.39554  -0.44180  -0.48942  -0.53834  -0.58851  -0.63985  -0.69233
  20.42886    0.06057   0.06067   0.05970   0.05530   0.04657   0.03353   0.01651  -0.00412  -0.02799  -0.05481  -0.08432  -0.11628  -0.15050  -0.18682  -0.22508  -0.26517  -0.30696  -0.35036  -0.39527  -0.44163  -0.48935  -0.53836  -0.58862  -0.64006  -0.69264
  20.46496    0.06215   0.06226   0.06127   0.05684   0.04805   0.03495   0.01786  -0.00284  -0.02679  -0.05370  -0.08328  -0.11533  -0.14964  -0.18604  -0.22440  -0.26457  -0.30646  -0.34995  -0.39495  -0.44140  -0.48921  -0.53833  -0.58868  -0.64022  -0.69289
  20.50106    0.06378   0.06389   0.06289   0.05842   0.04958   0.03642   0.01926  -0.00151  -0.02555  -0.05253  -0.08220  -0.11433  -0.14873  -0.18522  -0.22366  -0.26393  -0.30590  -0.34948  -0.39458  -0.44112  -0.48903  -0.53823  -0.58868  -0.64031  -0.69308
  20.53717    0.06546   0.06557   0.06456   0.06006   0.05116   0.03793   0.02070  -0.00014  -0.02425  -0.05132  -0.08107  -0.11328  -0.14777  -0.18434  -0.22287  -0.26323  -0.30529  -0.34896  -0.39415  -0.44078  -0.48878  -0.53808  -0.58862  -0.64035  -0.69321
  20.57327    0.06719   0.06730   0.06628   0.06173   0.05279   0.03949   0.02220   0.00127  -0.02291  -0.05006  -0.07989  -0.11219  -0.14676  -0.18342  -0.22204  -0.26248  -0.30463  -0.34839  -0.39367  -0.44040  -0.48848  -0.53787  -0.58851  -0.64033  -0.69328
  20.60937    0.06896   0.06907   0.06804   0.06346   0.05446   0.04110   0.02373   0.00274  -0.02153  -0.04875  -0.07867  -0.11105  -0.14570  -0.18245  -0.22116  -0.26168  -0.30392  -0.34777  -0.39314  -0.43995  -0.48813  -0.53761  -0.58834  -0.64025  -0.69329
  20.64547    0.07079   0.07090   0.06985   0.06523   0.05617   0.04275   0.02531   0.00424  -0.02010  -0.04740  -0.07740  -0.10986  -0.14460  -0.18143  -0.22022  -0.26084  -0.30316  -0.34710  -0.39256  -0.43946  -0.48773  -0.53730  -0.58811  -0.64011  -0.69325
  20.68157    0.07265   0.07276   0.07170   0.06704   0.05793   0.04445   0.02694   0.00580  -0.01862  -0.04601  -0.07609  -0.10863  -0.14345  -0.18037  -0.21924  -0.25994  -0.30235  -0.34638  -0.39192  -0.43891  -0.48727  -0.53692  -0.58783  -0.63991  -0.69314
  20.71767    0.07457   0.07468   0.07360   0.06890   0.05974   0.04619   0.02861   0.00739  -0.01711  -0.04457  -0.07473  -0.10735  -0.14225  -0.17926  -0.21821  -0.25900  -0.30149  -0.34560  -0.39124  -0.43831  -0.48675  -0.53650  -0.58749  -0.63966  -0.69298
  20.75377    0.07653   0.07664   0.07554   0.07080   0.06158   0.04797   0.03032   0.00903  -0.01554  -0.04308  -0.07332  -0.10603  -0.14101  -0.17810  -0.21714  -0.25801  -0.30059  -0.34478  -0.39050  -0.43766  -0.48618  -0.53602  -0.58709  -0.63935  -0.69276
  20.78987    0.07853   0.07864   0.07752   0.07275   0.06347   0.04979   0.03208   0.01071  -0.01394  -0.04156  -0.07187  -0.10466  -0.13973  -0.17689  -0.21602  -0.25697  -0.29963  -0.34391  -0.38971  -0.43695  -0.48556  -0.53548  -0.58664  -0.63899  -0.69248
  20.82597    0.08058   0.08069   0.07955   0.07474   0.06541   0.05166   0.03387   0.01243  -0.01229  -0.03999  -0.07038  -0.10325  -0.13839  -0.17564  -0.21485  -0.25588  -0.29863  -0.34299  -0.38887  -0.43620  -0.48489  -0.53489  -0.58613  -0.63857  -0.69214
  20.86207    0.08268   0.08278   0.08163   0.07677   0.06738   0.05357   0.03571   0.01420  -0.01060  -0.03837  -0.06885  -0.10180  -0.13702  -0.17435  -0.21363  -0.25475  -0.29757  -0.34202  -0.38798  -0.43539  -0.48417  -0.53425  -0.58557  -0.63809  -0.69174
  20.89817    0.08482   0.08492   0.08374   0.07884   0.06940   0.05552   0.03759   0.01601  -0.00887  -0.03672  -0.06727  -0.10030  -0.13560  -0.17301  -0.21237  -0.25356  -0.29647  -0.34100  -0.38704  -0.43453  -0.48339  -0.53355  -0.58496  -0.63755  -0.69129
  20.93427    0.08700   0.08710   0.08590   0.08096   0.07146   0.05752   0.03952   0.01786  -0.00709  -0.03502  -0.06565  -0.09875  -0.13413  -0.17162  -0.21107  -0.25234  -0.29533  -0.33993  -0.38605  -0.43362  -0.48256  -0.53280  -0.58429  -0.63696  -0.69078
  20.97037    0.08922   0.08932   0.08810   0.08311   0.07355   0.05955   0.04148   0.01975  -0.00528  -0.03328  -0.06399  -0.09717  -0.13263  -0.17019  -0.20971  -0.25107  -0.29413  -0.33881  -0.38501  -0.43266  -0.48168  -0.53200  -0.58356  -0.63632  -0.69021
  21.00647    0.09149   0.09159   0.09035   0.08531   0.07569   0.06162   0.04348   0.02168  -0.00342  -0.03150  -0.06228  -0.09554  -0.13108  -0.16872  -0.20832  -0.24975  -0.29289  -0.33765  -0.38393  -0.43165  -0.48074  -0.53114  -0.58278  -0.63561  -0.68958
  21.04257    0.09380   0.09389   0.09263   0.08755   0.07787   0.06374   0.04553   0.02365  -0.00153  -0.02968  -0.06054  -0.09387  -0.12948  -0.16720  -0.20688  -0.24838  -0.29160  -0.33644  -0.38279  -0.43059  -0.47976  -0.53023  -0.58195  -0.63486  -0.68890
  21.07867    0.09615   0.09624   0.09496   0.08983   0.08009   0.06589   0.04761   0.02566   0.00041  -0.02782  -0.05875  -0.09216  -0.12785  -0.16564  -0.20539  -0.24697  -0.29027  -0.33518  -0.38161  -0.42948  -0.47873  -0.52927  -0.58106  -0.63404  -0.68816
  21.11477    0.09855   0.09863   0.09732   0.09215   0.08235   0.06808   0.04973   0.02771   0.00238  -0.02592  -0.05693  -0.09041  -0.12617  -0.16404  -0.20387  -0.24552  -0.28889  -0.33387  -0.38038  -0.42832  -0.47764  -0.52826  -0.58012  -0.63318  -0.68737
  21.15087    0.10098   0.10106   0.09973   0.09451   0.08465   0.07031   0.05189   0.02980   0.00440  -0.02398  -0.05506  -0.08862  -0.12445  -0.16240  -0.20230  -0.24402  -0.28746  -0.33252  -0.37910  -0.42712  -0.47651  -0.52720  -0.57913  -0.63226  -0.68652
  21.18697    0.10346   0.10353   0.10217   0.09690   0.08699   0.07258   0.05409   0.03192   0.00645  -0.02200  -0.05315  -0.08679  -0.12269  -0.16071  -0.20068  -0.24248  -0.28599  -0.33112  -0.37777  -0.42586  -0.47532  -0.52608  -0.57809  -0.63128  -0.68561
  21.22307    0.10597   0.10604   0.10466   0.09934   0.08936   0.07489   0.05633   0.03409   0.00854  -0.01998  -0.05121  -0.08491  -0.12089  -0.15898  -0.19902  -0.24090  -0.28448  -0.32968  -0.37640  -0.42456  -0.47408  -0.52492  -0.57699  -0.63025  -0.68465
  21.25917    0.10853   0.10859   0.10718   0.10181   0.09177   0.07724   0.05860   0.03629   0.01067  -0.01792  -0.04922  -0.08300  -0.11905  -0.15721  -0.19733  -0.23927  -0.28292  -0.32819  -0.37498  -0.42320  -0.47280  -0.52370  -0.57584  -0.62917  -0.68363
  21.29527    0.11113   0.11118   0.10974   0.10432   0.09422   0.07962   0.06091   0.03853   0.01284  -0.01583  -0.04720  -0.08105  -0.11717  -0.15540  -0.19559  -0.23760  -0.28132  -0.32665  -0.37351  -0.42180  -0.47147  -0.52243  -0.57464  -0.62803  -0.68256
  21.33138    0.11376   0.11381   0.11234   0.10687   0.09671   0.08204   0.06326   0.04080   0.01504  -0.01369  -0.04514  -0.07906  -0.11525  -0.15355  -0.19380  -0.23588  -0.27967  -0.32507  -0.37199  -0.42036  -0.47008  -0.52111  -0.57338  -0.62684  -0.68143
  21.36748    0.11643   0.11648   0.11498   0.10946   0.09923   0.08449   0.06564   0.04312   0.01729  -0.01152  -0.04304  -0.07703  -0.11329  -0.15166  -0.19198  -0.23413  -0.27798  -0.32345  -0.37044  -0.41886  -0.46865  -0.51974  -0.57207  -0.62559  -0.68024
  21.40358    0.11915   0.11919   0.11765   0.11208   0.10179   0.08698   0.06806   0.04547   0.01956  -0.00932  -0.04090  -0.07496  -0.11129  -0.14973  -0.19012  -0.23233  -0.27625  -0.32178  -0.36883  -0.41732  -0.46717  -0.51832  -0.57072  -0.62429  -0.67901
  21.43968    0.12190   0.12193   0.12036   0.11474   0.10439   0.08951   0.07052   0.04785   0.02188  -0.00707  -0.03873  -0.07286  -0.10926  -0.14776  -0.18821  -0.23049  -0.27447  -0.32007  -0.36718  -0.41573  -0.46564  -0.51686  -0.56931  -0.62294  -0.67771
  21.47578    0.12468   0.12471   0.12311   0.11743   0.10702   0.09207   0.07301   0.05027   0.02423  -0.00479  -0.03652  -0.07071  -0.10718  -0.14575  -0.18627  -0.22861  -0.27265  -0.31831  -0.36548  -0.41409  -0.46407  -0.51534  -0.56785  -0.62154  -0.67637
  21.51188    0.12751   0.12753   0.12590   0.12016   0.10968   0.09466   0.07554   0.05272   0.02661  -0.00248  -0.03427  -0.06853  -0.10507  -0.14370  -0.18428  -0.22668  -0.27079  -0.31651  -0.36374  -0.41241  -0.46244  -0.51377  -0.56634  -0.62009  -0.67497
  21.54798    0.13037   0.13038   0.12872   0.12293   0.11238   0.09730   0.07810   0.05521   0.02903  -0.00013  -0.03199  -0.06632  -0.10292  -0.14161  -0.18226  -0.22472  -0.26889  -0.31467  -0.36196  -0.41068  -0.46077  -0.51216  -0.56478  -0.61858  -0.67351
  21.58408    0.13327   0.13327   0.13157   0.12573   0.11512   0.09996   0.08069   0.05774   0.03149   0.00226  -0.02967  -0.06406  -0.10073  -0.13948  -0.18019  -0.22272  -0.26695  -0.31278  -0.36013  -0.40891  -0.45905  -0.51049  -0.56317  -0.61702  -0.67201
  21.62018    0.13621   0.13620   0.13446   0.12856   0.11789   0.10266   0.08332   0.06030   0.03397   0.00468  -0.02732  -0.06178  -0.09850  -0.13732  -0.17809  -0.22067  -0.26496  -0.31085  -0.35826  -0.40709  -0.45729  -0.50878  -0.56150  -0.61541  -0.67044
  21.65628    0.13918   0.13916   0.13739   0.13143   0.12069   0.10539   0.08598   0.06289   0.03650   0.00713  -0.02493  -0.05945  -0.09624  -0.13512  -0.17595  -0.21859  -0.26293  -0.30888  -0.35634  -0.40523  -0.45548  -0.50702  -0.55979  -0.61375  -0.66883
  21.69238    0.14219   0.14216   0.14035   0.13434   0.12352   0.10816   0.08867   0.06551   0.03905   0.00962  -0.02250  -0.05709  -0.09394  -0.13288  -0.17377  -0.21647  -0.26087  -0.30687  -0.35438  -0.40332  -0.45362  -0.50521  -0.55803  -0.61203  -0.66716
  21.72848    0.14523   0.14519   0.14334   0.13727   0.12639   0.11095   0.09140   0.06817   0.04164   0.01215  -0.02004  -0.05469  -0.09160  -0.13060  -0.17155  -0.21430  -0.25876  -0.30481  -0.35238  -0.40137  -0.45172  -0.50335  -0.55622  -0.61027  -0.66544
  21.76458    0.14831   0.14826   0.14637   0.14024   0.12929   0.11378   0.09416   0.07086   0.04426   0.01470  -0.01755  -0.05226  -0.08923  -0.12829  -0.16929  -0.21210  -0.25661  -0.30272  -0.35033  -0.39937  -0.44977  -0.50145  -0.55436  -0.60845  -0.66367
  21.80068    0.15142   0.15136   0.14943   0.14324   0.13223   0.11665   0.09695   0.07358   0.04692   0.01729  -0.01502  -0.04980  -0.08683  -0.12594  -0.16700  -0.20986  -0.25442  -0.30058  -0.34824  -0.39733  -0.44777  -0.49950  -0.55246  -0.60659  -0.66185
  21.83678    0.15457   0.15450   0.15253   0.14628   0.13519   0.11954   0.09978   0.07634   0.04961   0.01991  -0.01246  -0.04730  -0.08439  -0.12356  -0.16467  -0.20758  -0.25220  -0.29840  -0.34611  -0.39524  -0.44573  -0.49750  -0.55050  -0.60467  -0.65997
  21.87288    0.15775   0.15767   0.15566   0.14934   0.13819   0.12247   0.10263   0.07912   0.05233   0.02257  -0.00987  -0.04476  -0.08191  -0.12114  -0.16230  -0.20527  -0.24993  -0.29618  -0.34394  -0.39311  -0.44364  -0.49546  -0.54850  -0.60271  -0.65804
  21.90898    0.16096   0.16087   0.15882   0.15244   0.14122   0.12542   0.10552   0.08194   0.05508   0.02526  -0.00725  -0.04220  -0.07940  -0.11868  -0.15990  -0.20291  -0.24762  -0.29392  -0.34172  -0.39094  -0.44151  -0.49336  -0.54644  -0.60069  -0.65606
  21.94508    0.16421   0.16411   0.16201   0.15557   0.14428   0.12841   0.10843   0.08479   0.05786   0.02798  -0.00459  -0.03960  -0.07685  -0.11619  -0.15746  -0.20052  -0.24528  -0.29162  -0.33946  -0.38873  -0.43934  -0.49123  -0.54434  -0.59862  -0.65403
  21.98118    0.16749   0.16738   0.16523   0.15873   0.14736   0.13143   0.11138   0.08767   0.06067   0.03073  -0.00190  -0.03696  -0.07428  -0.11366  -0.15498  -0.19809  -0.24289  -0.28928  -0.33717  -0.38647  -0.43712  -0.48904  -0.54219  -0.59651  -0.65194
  22.01728    0.17081   0.17068   0.16849   0.16192   0.15048   0.13448   0.11436   0.09058   0.06352   0.03351   0.00083  -0.03430  -0.07166  -0.11110  -0.15247  -0.19563  -0.24047  -0.28690  -0.33483  -0.38417  -0.43485  -0.48681  -0.54000  -0.59434  -0.64981
  22.05338    0.17416   0.17401   0.17178   0.16514   0.15363   0.13755   0.11736   0.09351   0.06639   0.03632   0.00358  -0.03160  -0.06902  -0.10851  -0.14992  -0.19313  -0.23801  -0.28448  -0.33245  -0.38182  -0.43254  -0.48454  -0.53775  -0.59213  -0.64762
  22.08948    0.17753   0.17738   0.17509   0.16839   0.15681   0.14066   0.12040   0.09648   0.06929   0.03916   0.00636  -0.02887  -0.06634  -0.10588  -0.14734  -0.19059  -0.23552  -0.28203  -0.33003  -0.37944  -0.43019  -0.48222  -0.53546  -0.58987  -0.64539
  22.12559    0.18095   0.18077   0.17844   0.17168   0.16002   0.14380   0.12347   0.09948   0.07223   0.04204   0.00918  -0.02611  -0.06363  -0.10321  -0.14472  -0.18801  -0.23298  -0.27953  -0.32757  -0.37701  -0.42780  -0.47985  -0.53313  -0.58756  -0.64310
  22.16169    0.18439   0.18420   0.18182   0.17499   0.16326   0.14696   0.12656   0.10251   0.07519   0.04494   0.01203  -0.02331  -0.06088  -0.10052  -0.14207  -0.18540  -0.23041  -0.27700  -0.32507  -0.37454  -0.42536  -0.47744  -0.53074  -0.58520  -0.64076
  22.19779    0.18786   0.18766   0.18523   0.17833   0.16653   0.15016   0.12968   0.10556   0.07819   0.04787   0.01491  -0.02049  -0.05811  -0.09779  -0.13938  -0.18275  -0.22780  -0.27442  -0.32253  -0.37204  -0.42288  -0.47499  -0.52831  -0.58279  -0.63838
  22.23389    0.19137   0.19115   0.18867   0.18170   0.16982   0.15338   0.13284   0.10865   0.08121   0.05084   0.01781  -0.01763  -0.05530  -0.09503  -0.13666  -0.18007  -0.22516  -0.27181  -0.31995  -0.36948  -0.42035  -0.47249  -0.52584  -0.58034  -0.63594
  22.26999    0.19490   0.19467   0.19214   0.18510   0.17315   0.15663   0.13601   0.11176   0.08426   0.05383   0.02075  -0.01475  -0.05246  -0.09223  -0.13390  -0.17736  -0.22248  -0.26916  -0.31733  -0.36689  -0.41779  -0.46995  -0.52331  -0.57783  -0.63346
  22.30609    0.19847   0.19822   0.19563   0.18852   0.17650   0.15990   0.13922   0.11490   0.08734   0.05685   0.02372  -0.01183  -0.04959  -0.08940  -0.13112  -0.17461  -0.21976  -0.26648  -0.31467  -0.36426  -0.41518  -0.46736  -0.52075  -0.57528  -0.63092
  22.34219    0.20206   0.20180   0.19916   0.19198   0.17988   0.16321   0.14246   0.11807   0.09044   0.05990   0.02671  -0.00888  -0.04669  -0.08654  -0.12830  -0.17182  -0.21700  -0.26375  -0.31197  -0.36159  -0.41253  -0.46473  -0.51813  -0.57268  -0.62834
  22.37829    0.20569   0.20541   0.20271   0.19546   0.18328   0.16654   0.14572   0.12127   0.09358   0.06298   0.02974  -0.00590  -0.04376  -0.08365  -0.12544  -0.16900  -0.21422  -0.26099  -0.30924  -0.35888  -0.40984  -0.46206  -0.51548  -0.57004  -0.62570
  22.41439    0.20934   0.20904   0.20630   0.19897   0.18672   0.16990   0.14901   0.12449   0.09674   0.06608   0.03279  -0.00290  -0.04079  -0.08073  -0.12255  -0.16615  -0.21139  -0.25819  -0.30646  -0.35612  -0.40710  -0.45934  -0.51277  -0.56735  -0.62302
  22.45049    0.21303   0.21271   0.20991   0.20250   0.19018   0.17328   0.15232   0.12774   0.09993   0.06921   0.03587   0.00014  -0.03780  -0.07777  -0.11963  -0.16326  -0.20853  -0.25536  -0.30365  -0.35333  -0.40433  -0.45658  -0.51002  -0.56461  -0.62029
  22.48659    0.21674   0.21640   0.21354   0.20607   0.19366   0.17670   0.15566   0.13101   0.10314   0.07238   0.03899   0.00320  -0.03478  -0.07479  -0.11668  -0.16034  -0.20564  -0.25249  -0.30080  -0.35050  -0.40151  -0.45378  -0.50723  -0.56183  -0.61751
  22.52269    0.22048   0.22013   0.21721   0.20966   0.19717   0.18013   0.15903   0.13432   0.10639   0.07556   0.04212   0.00630  -0.03173  -0.07177  -0.11370  -0.15738  -0.20271  -0.24958  -0.29792  -0.34763  -0.39866  -0.45093  -0.50439  -0.55899  -0.61468
  22.55879    0.22425   0.22388   0.22090   0.21327   0.20071   0.18360   0.16242   0.13764   0.10965   0.07878   0.04529   0.00942  -0.02864  -0.06873  -0.11068  -0.15439  -0.19975  -0.24664  -0.29499  -0.34472  -0.39576  -0.44804  -0.50151  -0.55612  -0.61181
  22.59489    0.22805   0.22766   0.22462   0.21692   0.20428   0.18708   0.16584   0.14100   0.11295   0.08202   0.04848   0.01257  -0.02553  -0.06565  -0.10764  -0.15137  -0.19675  -0.24366  -0.29203  -0.34177  -0.39282  -0.44511  -0.49859  -0.55320  -0.60889
  22.63099    0.23188   0.23147   0.22837   0.22059   0.20786   0.19060   0.16928   0.14438   0.11627   0.08529   0.05170   0.01575  -0.02239  -0.06254  -0.10456  -0.14832  -0.19372  -0.24065  -0.28903  -0.33879  -0.38984  -0.44214  -0.49562  -0.55023  -0.60592
  22.66709    0.23573   0.23530   0.23214   0.22428   0.21148   0.19414   0.17275   0.14778   0.11962   0.08858   0.05495   0.01895  -0.01922  -0.05940  -0.10145  -0.14524  -0.19065  -0.23760  -0.28600  -0.33576  -0.38683  -0.43913  -0.49261  -0.54721  -0.60290
  22.70319    0.23962   0.23916   0.23594   0.22800   0.21512   0.19770   0.17624   0.15121   0.12299   0.09190   0.05822   0.02218  -0.01602  -0.05624  -0.09831  -0.14212  -0.18756  -0.23452  -0.28293  -0.33270  -0.38377  -0.43607  -0.48955  -0.54415  -0.59983
  22.73929    0.24352   0.24305   0.23976   0.23174   0.21878   0.20129   0.17976   0.15466   0.12638   0.09525   0.06152   0.02544  -0.01280  -0.05304  -0.09514  -0.13897  -0.18442  -0.23140  -0.27982  -0.32960  -0.38067  -0.43298  -0.48645  -0.54105  -0.59672
  22.77539    0.24746   0.24696   0.24361   0.23551   0.22247   0.20490   0.18330   0.15814   0.12980   0.09862   0.06485   0.02873  -0.00955  -0.04982  -0.09194  -0.13579  -0.18126  -0.22825  -0.27668  -0.32646  -0.37754  -0.42984  -0.48331  -0.53790  -0.59357
  22.81149    0.25142   0.25090   0.24748   0.23930   0.22618   0.20853   0.18687   0.16164   0.13325   0.10201   0.06820   0.03205  -0.00626  -0.04656  -0.08871  -0.13258  -0.17806  -0.22507  -0.27350  -0.32329  -0.37436  -0.42666  -0.48013  -0.53471  -0.59036
  22.84759    0.25541   0.25487   0.25138   0.24312   0.22992   0.21219   0.19046   0.16517   0.13672   0.10543   0.07158   0.03539  -0.00296  -0.04328  -0.08545  -0.12934  -0.17484  -0.22185  -0.27028  -0.32008  -0.37115  -0.42344  -0.47690  -0.53147  -0.58711
  22.88369    0.25942   0.25886   0.25531   0.24696   0.23368   0.21587   0.19407   0.16872   0.14021   0.10888   0.07498   0.03875   0.00038  -0.03997  -0.08216  -0.12607  -0.17157  -0.21859  -0.26704  -0.31683  -0.36790  -0.42018  -0.47363  -0.52819  -0.58381
  22.91980    0.26347   0.26288   0.25926   0.25083   0.23746   0.21958   0.19770   0.17229   0.14373   0.11235   0.07841   0.04215   0.00374  -0.03663  -0.07884  -0.12276  -0.16828  -0.21531  -0.26375  -0.31354  -0.36461  -0.41689  -0.47032  -0.52487  -0.58047
  22.95590    0.26753   0.26692   0.26323   0.25472   0.24126   0.22331   0.20136   0.17589   0.14727   0.11584   0.08186   0.04556   0.00713  -0.03327  -0.07550  -0.11943  -0.16496  -0.21199  -0.26043  -0.31022  -0.36128  -0.41355  -0.46697  -0.52150  -0.57708
  22.99200    0.27162   0.27099   0.26723   0.25863   0.24509   0.22706   0.20504   0.17951   0.15084   0.11936   0.08534   0.04901   0.01055  -0.02988  -0.07212  -0.11606  -0.16160  -0.20863  -0.25708  -0.30686  -0.35791  -0.41017  -0.46358  -0.51809  -0.57365
  23.02810    0.27574   0.27508   0.27125   0.26257   0.24894   0.23083   0.20874   0.18315   0.15443   0.12290   0.08884   0.05248   0.01399  -0.02645  -0.06871  -0.11267  -0.15821  -0.20525  -0.25369  -0.30347  -0.35451  -0.40675  -0.46014  -0.51463  -0.57017
  23.06420    0.27988   0.27919   0.27529   0.26652   0.25281   0.23462   0.21247   0.18681   0.15804   0.12647   0.09237   0.05597   0.01746  -0.02301  -0.06528  -0.10925  -0.15479  -0.20183  -0.25027  -0.30004  -0.35107  -0.40329  -0.45667  -0.51113  -0.56665
  23.10030    0.28405   0.28333   0.27936   0.27050   0.25671   0.23844   0.21622   0.19050   0.16167   0.13005   0.09592   0.05949   0.02095  -0.01953  -0.06182  -0.10579  -0.15134  -0.19838  -0.24681  -0.29657  -0.34759  -0.39980  -0.45315  -0.50759  -0.56308
  23.13640    0.28824   0.28750   0.28345   0.27451   0.26063   0.24228   0.21998   0.19420   0.16532   0.13367   0.09949   0.06303   0.02447  -0.01603  -0.05833  -0.10231  -0.14786  -0.19490  -0.24332  -0.29307  -0.34407  -0.39626  -0.44959  -0.50401  -0.55946
  23.17250    0.29245   0.29169   0.28756   0.27853   0.26456   0.24614   0.22377   0.19793   0.16900   0.13730   0.10309   0.06660   0.02802  -0.01250  -0.05481  -0.09880  -0.14435  -0.19138  -0.23980  -0.28953  -0.34052  -0.39269  -0.44599  -0.50038  -0.55581
  23.20860    0.29669   0.29590   0.29170   0.28258   0.26852   0.25002   0.22759   0.20168   0.17270   0.14095   0.10671   0.07019   0.03159  -0.00895  -0.05127  -0.09526  -0.14081  -0.18784  -0.23624  -0.28596  -0.33693  -0.38908  -0.44236  -0.49671  -0.55210
  23.24470    0.30095   0.30013   0.29586   0.28664   0.27251   0.25392   0.23142   0.20546   0.17642   0.14463   0.11035   0.07381   0.03518  -0.00537  -0.04770  -0.09169  -0.13724  -0.18426  -0.23265  -0.28236  -0.33330  -0.38543  -0.43868  -0.49300  -0.54836
  23.28080    0.30524   0.30439   0.30004   0.29073   0.27651   0.25784   0.23527   0.20925   0.18016   0.14833   0.11402   0.07745   0.03880  -0.00176  -0.04410  -0.08810  -0.13364  -0.18065  -0.22903  -0.27872  -0.32964  -0.38174  -0.43496  -0.48925  -0.54457
  23.31690    0.30955   0.30867   0.30424   0.29484   0.28053   0.26179   0.23914   0.21306   0.18393   0.15205   0.11771   0.08111   0.04244   0.00187  -0.04047  -0.08447  -0.13001  -0.17701  -0.22538  -0.27504  -0.32594  -0.37801  -0.43120  -0.48546  -0.54074
  23.35300    0.31388   0.31297   0.30846   0.29898   0.28457   0.26575   0.24304   0.21690   0.18771   0.15580   0.12142   0.08480   0.04611   0.00553  -0.03682  -0.08082  -0.12635  -0.17334  -0.22169  -0.27134  -0.32221  -0.37425  -0.42740  -0.48162  -0.53686
  23.38910    0.31823   0.31730   0.31271   0.30313   0.28863   0.26973   0.24695   0.22075   0.19152   0.15956   0.12515   0.08850   0.04980   0.00921  -0.03314  -0.07714  -0.12267  -0.16964  -0.21797  -0.26759  -0.31844  -0.37045  -0.42357  -0.47775  -0.53294
  23.42520    0.32261   0.32165   0.31697   0.30730   0.29272   0.27374   0.25088   0.22463   0.19534   0.16335   0.12891   0.09224   0.05352   0.01292  -0.02944  -0.07343  -0.11895  -0.16591  -0.21422  -0.26382  -0.31463  -0.36661  -0.41969  -0.47383  -0.52898
  23.46130    0.32701   0.32602   0.32126   0.31149   0.29682   0.27776   0.25484   0.22852   0.19919   0.16716   0.13268   0.09599   0.05726   0.01665  -0.02571  -0.06969  -0.11520  -0.16214  -0.21044  -0.26001  -0.31079  -0.36273  -0.41578  -0.46987  -0.52497
  23.49740    0.33143   0.33041   0.32557   0.31571   0.30094   0.28180   0.25881   0.23244   0.20305   0.17098   0.13648   0.09977   0.06102   0.02040  -0.02195  -0.06593  -0.11143  -0.15835  -0.20662  -0.25617  -0.30692  -0.35882  -0.41182  -0.46587  -0.52092
  23.53350    0.33587   0.33482   0.32990   0.31994   0.30508   0.28586   0.26280   0.23637   0.20694   0.17483   0.14030   0.10357   0.06481   0.02418  -0.01817  -0.06214  -0.10763  -0.15453  -0.20278  -0.25229  -0.30301  -0.35487  -0.40783  -0.46183  -0.51683
  23.56960    0.34034   0.33926   0.33425   0.32419   0.30924   0.28994   0.26681   0.24032   0.21085   0.17870   0.14414   0.10739   0.06862   0.02799  -0.01437  -0.05833  -0.10380  -0.15068  -0.19890  -0.24838  -0.29907  -0.35089  -0.40380  -0.45775  -0.51270
  23.60570    0.34482   0.34371   0.33862   0.32846   0.31342   0.29404   0.27084   0.24429   0.21477   0.18259   0.14800   0.11123   0.07245   0.03182  -0.01053  -0.05449  -0.09994  -0.14680  -0.19499  -0.24444  -0.29509  -0.34687  -0.39973  -0.45363  -0.50852
  23.64180    0.34933   0.34819   0.34301   0.33275   0.31762   0.29816   0.27489   0.24828   0.21872   0.18650   0.15188   0.11509   0.07630   0.03567  -0.00668  -0.05062  -0.09605  -0.14289  -0.19105  -0.24047  -0.29107  -0.34281  -0.39563  -0.44947  -0.50431
  23.67790    0.35386   0.35268   0.34741   0.33706   0.32184   0.30229   0.27896   0.25229   0.22268   0.19043   0.15579   0.11898   0.08018   0.03954  -0.00280  -0.04672  -0.09214  -0.13895  -0.18708  -0.23646  -0.28703  -0.33872  -0.39148  -0.44527  -0.50005
  23.71401    0.35841   0.35720   0.35184   0.34139   0.32607   0.30645   0.28304   0.25632   0.22666   0.19437   0.15971   0.12288   0.08408   0.04344   0.00111  -0.04280  -0.08820  -0.13498  -0.18308  -0.23243  -0.28295  -0.33459  -0.38730  -0.44104  -0.49575
  23.75011    0.36298   0.36174   0.35629   0.34574   0.33033   0.31062   0.28714   0.26037   0.23066   0.19834   0.16365   0.12681   0.08800   0.04736   0.00504  -0.03886  -0.08423  -0.13099  -0.17905  -0.22836  -0.27883  -0.33043  -0.38308  -0.43676  -0.49141
  23.78621    0.36757   0.36629   0.36076   0.35010   0.33460   0.31481   0.29127   0.26443   0.23468   0.20233   0.16761   0.13076   0.09194   0.05131   0.00899  -0.03489  -0.08024  -0.12696  -0.17499  -0.22426  -0.27469  -0.32623  -0.37883  -0.43244  -0.48703
  23.82231    0.37218   0.37087   0.36524   0.35448   0.33889   0.31901   0.29540   0.26851   0.23872   0.20633   0.17160   0.13473   0.09590   0.05528   0.01297  -0.03089  -0.07621  -0.12291  -0.17090  -0.22012  -0.27050  -0.32199  -0.37454  -0.42809  -0.48260
  23.85841    0.37681   0.37547   0.36975   0.35889   0.34319   0.32324   0.29956   0.27261   0.24278   0.21035   0.17560   0.13872   0.09989   0.05926   0.01697  -0.02687  -0.07217  -0.11883  -0.16679  -0.21596  -0.26629  -0.31772  -0.37021  -0.42369  -0.47814
  23.89451    0.38146   0.38008   0.37427   0.36330   0.34752   0.32748   0.30373   0.27673   0.24685   0.21440   0.17962   0.14273   0.10390   0.06328   0.02100  -0.02282  -0.06809  -0.11472  -0.16264  -0.21176  -0.26204  -0.31342  -0.36584  -0.41926  -0.47364
  23.93061    0.38614   0.38472   0.37881   0.36774   0.35186   0.33174   0.30792   0.28087   0.25094   0.21846   0.18366   0.14675   0.10792   0.06731   0.02505  -0.01875  -0.06399  -0.11059  -0.15846  -0.20754  -0.25777  -0.30908  -0.36144  -0.41479  -0.46909
  23.96671    0.39083   0.38937   0.38337   0.37220   0.35622   0.33601   0.31213   0.28502   0.25505   0.22254   0.18772   0.15080   0.11197   0.07137   0.02912  -0.01466  -0.05987  -0.10642  -0.15425  -0.20328  -0.25345  -0.30471  -0.35700  -0.41028  -0.46451
  24.00281    0.39553   0.39405   0.38795   0.37667   0.36059   0.34030   0.31635   0.28919   0.25918   0.22663   0.19179   0.15487   0.11604   0.07544   0.03322  -0.01054  -0.05571  -0.10223  -0.15002  -0.19900  -0.24911  -0.30030  -0.35253  -0.40573  -0.45988
  24.03891    0.40026   0.39874   0.39254   0.38115   0.36498   0.34461   0.32059   0.29337   0.26332   0.23075   0.19589   0.15896   0.12013   0.07954   0.03733  -0.00639  -0.05154  -0.09802  -0.14575  -0.19468  -0.24473  -0.29586  -0.34802  -0.40115  -0.45522
  24.07501    0.40501   0.40345   0.39715   0.38566   0.36939   0.34894   0.32485   0.29757   0.26748   0.23488   0.20000   0.16307   0.12424   0.08366   0.04147  -0.00222  -0.04733  -0.09377  -0.14146  -0.19033  -0.24033  -0.29139  -0.34347  -0.39653  -0.45052
  24.11111    0.40978   0.40818   0.40178   0.39018   0.37381   0.35328   0.32912   0.30179   0.27166   0.23903   0.20414   0.16719   0.12837   0.08781   0.04564   0.00197  -0.04311  -0.08950  -0.13714  -0.18595  -0.23589  -0.28688  -0.33889  -0.39187  -0.44577
  24.14721    0.41456   0.41293   0.40643   0.39472   0.37825   0.35763   0.33341   0.30602   0.27585   0.24319   0.20829   0.17134   0.13252   0.09197   0.04982   0.00618  -0.03885  -0.08520  -0.13279  -0.18155  -0.23142  -0.28234  -0.33428  -0.38717  -0.44099
  24.18331    0.41936   0.41769   0.41110   0.39927   0.38271   0.36200   0.33771   0.31027   0.28007   0.24738   0.21246   0.17550   0.13669   0.09615   0.05403   0.01042  -0.03458  -0.08088  -0.12841  -0.17711  -0.22692  -0.27777  -0.32963  -0.38244  -0.43617
  24.21941    0.42419   0.42247   0.41578   0.40384   0.38718   0.36639   0.34203   0.31454   0.28429   0.25158   0.21664   0.17968   0.14087   0.10036   0.05826   0.01468  -0.03027  -0.07653  -0.12401  -0.17265  -0.22238  -0.27316  -0.32494  -0.37767  -0.43131
  24.25551    0.42902   0.42727   0.42047   0.40843   0.39166   0.37079   0.34636   0.31882   0.28853   0.25580   0.22084   0.18388   0.14508   0.10458   0.06251   0.01897  -0.02595  -0.07215  -0.11958  -0.16815  -0.21782  -0.26852  -0.32022  -0.37287  -0.42641

# Minimas
  19.42910    0.03805 
  19.42560    0.03804 
  19.42452    0.03717 
  19.43672    0.03354 
  19.46090    0.02607 
  19.49398    0.01460 
  19.53372   -0.00068 
  19.57863   -0.01949 
  19.62771   -0.04153 
  19.68026   -0.06656 
  19.73573   -0.09433 
  19.79364   -0.12465 
  19.85358   -0.15735 
  19.91516   -0.19227 
  19.97799   -0.22929 
  20.04172   -0.26827 
  20.10596   -0.30913 
  20.17035   -0.35176 
  20.23454   -0.39607 
  20.29820   -0.44199 
  20.36102   -0.48945 
  20.42272   -0.53836 
  20.48305   -0.58869 
  20.54179   -0.64035 
  20.59877   -0.69330 

