        0.000000000000000         0.000000000000000
        1.000000000000000        -0.000000015926806
        2.000000000000000        -0.000000052273456
        3.000000000000000        -0.000000111649632
        4.000000000000000        -0.000000191316687
        5.000000000000000        -0.000000290041732
        6.000000000000000        -0.000000405608094
        7.000000000000000        -0.000000542762512
        8.000000000000000        -0.000000694910027
        9.000000000000000        -0.000000859764081
       10.000000000000000        -0.000001038378898
       11.000000000000000        -0.000001228009367
       12.000000000000000        -0.000001422737581
       13.000000000000000        -0.000001626314721
       14.000000000000000        -0.000001836004641
       15.000000000000000        -0.000002046861802
       16.000000000000000        -0.000002263966416
       17.000000000000000        -0.000002481282485
       18.000000000000000        -0.000002695089080
       19.000000000000000        -0.000002913068783
       20.000000000000000        -0.000003128236404
       21.000000000000000        -0.000003337689375
       22.000000000000000        -0.000003547908540
       23.000000000000000        -0.000003750599549
       24.000000000000000        -0.000003945067807
       25.000000000000000        -0.000004137233496
       26.000000000000000        -0.000004324368334
       27.000000000000000        -0.000004501628522
       28.000000000000000        -0.000004668014957
       29.000000000000000        -0.000004828022616
       30.000000000000000        -0.000004982939215
       31.000000000000000        -0.000005123927240
       32.000000000000000        -0.000005255799532
       33.000000000000000        -0.000005379593227
       34.000000000000000        -0.000005489753469
       35.000000000000000        -0.000005592126017
       36.000000000000000        -0.000005683269685
       37.000000000000000        -0.000005761685887
       38.000000000000000        -0.000005831373859
       39.000000000000000        -0.000005887927988
       40.000000000000000        -0.000005932426178
       41.000000000000000        -0.000005970374175
       42.000000000000000        -0.000005993236736
       43.000000000000000        -0.000006003562334
       44.000000000000000        -0.000006005974756
       45.000000000000000        -0.000005997695926
       46.000000000000000        -0.000005977829553
       47.000000000000000        -0.000005943721928
       48.000000000000000        -0.000005904331532
       49.000000000000000        -0.000005852001352
       50.000000000000000        -0.000005787716064
       51.000000000000000        -0.000005716446570
       52.000000000000000        -0.000005634826330
       53.000000000000000        -0.000005540380516
       54.000000000000000        -0.000005440518687
       55.000000000000000        -0.000005331514612
       56.000000000000000        -0.000005207888992
       57.000000000000000        -0.000005080601549
       58.000000000000000        -0.000004942376260
       59.000000000000000        -0.000004798313524
       60.000000000000000        -0.000004646243435
       61.000000000000000        -0.000004480792201
       62.000000000000000        -0.000004312634169
       63.000000000000000        -0.000004139871633
       64.000000000000000        -0.000003955870893
       65.000000000000000        -0.000003766015909
       66.000000000000000        -0.000003569981966
       67.000000000000000        -0.000003365745580
       68.000000000000000        -0.000003158733679
       69.000000000000000        -0.000002945081997
       70.000000000000000        -0.000002725579612
       71.000000000000000        -0.000002500191440
       72.000000000000000        -0.000002271433473
       73.000000000000000        -0.000002034827646
       74.000000000000000        -0.000001793430029
       75.000000000000000        -0.000001555014648
       76.000000000000000        -0.000001305622745
       77.000000000000000        -0.000001050884327
       78.000000000000000        -0.000000798172899
       79.000000000000000        -0.000000539360098
       80.000000000000000        -0.000000275950808
       81.000000000000000        -0.000000012344406
       82.000000000000000         0.000000256773021
       83.000000000000000         0.000000529279074
       84.000000000000000         0.000000800974632
       85.000000000000000         0.000001078124071
       86.000000000000000         0.000001356457023
       87.000000000000000         0.000001635827540
       88.000000000000000         0.000001918353267
       89.000000000000000         0.000002203619175
       90.000000000000000         0.000002489196415
       91.000000000000000         0.000002771132719
       92.000000000000000         0.000003063340044
       93.000000000000000         0.000003355469415
       94.000000000000000         0.000003644297043
       95.000000000000000         0.000003936064059
       96.000000000000000         0.000004226361010
       97.000000000000000         0.000004520235392
       98.000000000000000         0.000004814278953
       99.000000000000000         0.000005111271657
      100.000000000000000         0.000005405638978
      101.000000000000000         0.000005697493296
      102.000000000000000         0.000005995403179
      103.000000000000000         0.000006290752816
      104.000000000000000         0.000006582211946
      105.000000000000000         0.000006877513479
      106.000000000000000         0.000007174823528
      107.000000000000000         0.000007469502044
      108.000000000000000         0.000007761830303
      109.000000000000000         0.000008058218192
      110.000000000000000         0.000008352340220
      111.000000000000000         0.000008644328223
      112.000000000000000         0.000008938729140
      113.000000000000000         0.000009230814200
      114.000000000000000         0.000009521737670
      115.000000000000000         0.000009813823869
      116.000000000000000         0.000010103945476
      117.000000000000000         0.000010390284508
      118.000000000000000         0.000010679866183
      119.000000000000000         0.000010966666587
      120.000000000000000         0.000011251697823
      121.000000000000000         0.000011538115210
      122.000000000000000         0.000011822948486
      123.000000000000000         0.000012106496650
      124.000000000000000         0.000012390235951
      125.000000000000000         0.000012672051866
      126.000000000000000         0.000012950812821
      127.000000000000000         0.000013230089747
      128.000000000000000         0.000013507814327
      129.000000000000000         0.000013783209095
      130.000000000000000         0.000014059519982
      131.000000000000000         0.000014333624497
      132.000000000000000         0.000014603556121
      133.000000000000000         0.000014875656571
      134.000000000000000         0.000015147739156
      135.000000000000000         0.000015415182588
      136.000000000000000         0.000015683374592
      137.000000000000000         0.000015950609344
      138.000000000000000         0.000016214662560
      139.000000000000000         0.000016476645650
      140.000000000000000         0.000016738459842
      141.000000000000000         0.000016999803309
      142.000000000000000         0.000017258194385
      143.000000000000000         0.000017516545005
      144.000000000000000         0.000017772375049
      145.000000000000000         0.000018026653920
      146.000000000000000         0.000018281675539
      147.000000000000000         0.000018532141521
      148.000000000000000         0.000018780985826
      149.000000000000000         0.000019031412655
      150.000000000000000         0.000019280069491
      151.000000000000000         0.000019526393700
      152.000000000000000         0.000019769991306
      153.000000000000000         0.000020013426559
      154.000000000000000         0.000020256099212
      155.000000000000000         0.000020495623824
      156.000000000000000         0.000020733746582
      157.000000000000000         0.000020972092639
      158.000000000000000         0.000021208165868
      159.000000000000000         0.000021441820877
      160.000000000000000         0.000021674494841
      161.000000000000000         0.000021906827698
      162.000000000000000         0.000022137729020
      163.000000000000000         0.000022365761157
      164.000000000000000         0.000022593391177
      165.000000000000000         0.000022819839056
      166.000000000000000         0.000023043594801
      167.000000000000000         0.000023267323719
      168.000000000000000         0.000023489117931
      169.000000000000000         0.000023708551133
      170.000000000000000         0.000023927800719
      171.000000000000000         0.000024146133076
      172.000000000000000         0.000024362110009
      173.000000000000000         0.000024577028700
      174.000000000000000         0.000024790084370
      175.000000000000000         0.000025002202449
      176.000000000000000         0.000025213936935
      177.000000000000000         0.000025422779120
      178.000000000000000         0.000025630650773
      179.000000000000000         0.000025836711446
      180.000000000000000         0.000026042222824
      181.000000000000000         0.000026246816156
      182.000000000000000         0.000026449973576
      183.000000000000000         0.000026651457854
      184.000000000000000         0.000026852044017
      185.000000000000000         0.000027051633906
      186.000000000000000         0.000027248791879
      187.000000000000000         0.000027445364880
      188.000000000000000         0.000027638912622
      189.000000000000000         0.000027833006223
      190.000000000000000         0.000028028158272
      191.000000000000000         0.000028218464415
      192.000000000000000         0.000028408686342
      193.000000000000000         0.000028598314221
      194.000000000000000         0.000028785912077
      195.000000000000000         0.000028973070532
      196.000000000000000         0.000029158531750
      197.000000000000000         0.000029341958368
      198.000000000000000         0.000029524302973
      199.000000000000000         0.000029707976901
      200.000000000000000         0.000029889014843
      201.000000000000000         0.000030068123890
      202.000000000000000         0.000030246647549
      203.000000000000000         0.000030424811663
      204.000000000000000         0.000030601730987
      205.000000000000000         0.000030775574444
      206.000000000000000         0.000030949771501
      207.000000000000000         0.000031124575518
      208.000000000000000         0.000031296868231
      209.000000000000000         0.000031467273033
      210.000000000000000         0.000031635402037
      211.000000000000000         0.000031805072686
      212.000000000000000         0.000031974476391
      213.000000000000000         0.000032139963047
      214.000000000000000         0.000032305884588
      215.000000000000000         0.000032471247897
      216.000000000000000         0.000032635211110
      217.000000000000000         0.000032797171887
      218.000000000000000         0.000032958989234
      219.000000000000000         0.000033119712877
      220.000000000000000         0.000033279490473
      221.000000000000000         0.000033438487312
      222.000000000000000         0.000033597330589
      223.000000000000000         0.000033754187477
      224.000000000000000         0.000033909603744
      225.000000000000000         0.000034065381268
      226.000000000000000         0.000034218607756
      227.000000000000000         0.000034370479481
      228.000000000000000         0.000034523995030
      229.000000000000000         0.000034675912343
      230.000000000000000         0.000034825563502
      231.000000000000000         0.000034976320900
      232.000000000000000         0.000035125509610
      233.000000000000000         0.000035273066927
      234.000000000000000         0.000035419481776
      235.000000000000000         0.000035565566025
      236.000000000000000         0.000035710870647
      237.000000000000000         0.000035855862917
      238.000000000000000         0.000036000528356
      239.000000000000000         0.000036141543283
      240.000000000000000         0.000036283459563
      241.000000000000000         0.000036425142771
      242.000000000000000         0.000036565480325
      243.000000000000000         0.000036705905275
      244.000000000000000         0.000036844422067
      245.000000000000000         0.000036981936620
      246.000000000000000         0.000037118829076
      247.000000000000000         0.000037254777329
      248.000000000000000         0.000037391022065
      249.000000000000000         0.000037527023740
      250.000000000000000         0.000037660081114
      251.000000000000000         0.000037794322063
      252.000000000000000         0.000037927230337
      253.000000000000000         0.000038057534258
      254.000000000000000         0.000038189257997
      255.000000000000000         0.000038320711558
      256.000000000000000         0.000038449579948
      257.000000000000000         0.000038578190803
      258.000000000000000         0.000038707457175
      259.000000000000000         0.000038835288973
      260.000000000000000         0.000038962217100
      261.000000000000000         0.000039088296456
      262.000000000000000         0.000039213841626
      263.000000000000000         0.000039338682466
      264.000000000000000         0.000039463489016
      265.000000000000000         0.000039586368808
      266.000000000000000         0.000039709572528
      267.000000000000000         0.000039833708869
      268.000000000000000         0.000039953473385
      269.000000000000000         0.000040073193030
      270.000000000000000         0.000040193500087
      271.000000000000000         0.000040314808414
      272.000000000000000         0.000040434212640
      273.000000000000000         0.000040551576621
      274.000000000000000         0.000040669135810
      275.000000000000000         0.000040787489532
      276.000000000000000         0.000040904783751
      277.000000000000000         0.000041019370599
      278.000000000000000         0.000041134791467
      279.000000000000000         0.000041250490474
      280.000000000000000         0.000041365485821
      281.000000000000000         0.000041477610548
      282.000000000000000         0.000041592034278
      283.000000000000000         0.000041703467183
      284.000000000000000         0.000041815916068
      285.000000000000000         0.000041929531255
      286.000000000000000         0.000042037616357
      287.000000000000000         0.000042146669149
      288.000000000000000         0.000042258916946
      289.000000000000000         0.000042369170739
      290.000000000000000         0.000042476422965
      291.000000000000000         0.000042585085002
      292.000000000000000         0.000042691765078
      293.000000000000000         0.000042798729507
      294.000000000000000         0.000042904822746
      295.000000000000000         0.000043012366859
      296.000000000000000         0.000043119200644
      297.000000000000000         0.000043223167738
      298.000000000000000         0.000043323971839
      299.000000000000000         0.000043429382122
      300.000000000000000         0.000043534669065
      301.000000000000000         0.000043637524167
      302.000000000000000         0.000043742387690
      303.000000000000000         0.000043841463326
      304.000000000000000         0.000043942415438
      305.000000000000000         0.000044044552339
      306.000000000000000         0.000044145780135
      307.000000000000000         0.000044246025791
      308.000000000000000         0.000044345597426
      309.000000000000000         0.000044445020452
      310.000000000000000         0.000044540514794
      311.000000000000000         0.000044642087848
      312.000000000000000         0.000044741349881
      313.000000000000000         0.000044832871863
      314.000000000000000         0.000044932799739
      315.000000000000000         0.000045031502039
      316.000000000000000         0.000045127412338
      317.000000000000000         0.000045222443376
      318.000000000000000         0.000045314418214
      319.000000000000000         0.000045409255208
      320.000000000000000         0.000045503914174
      321.000000000000000         0.000045602760916
      322.000000000000000         0.000045695140977
      323.000000000000000         0.000045786272308
      324.000000000000000         0.000045883675091
      325.000000000000000         0.000045968193768
      326.000000000000000         0.000046063566802
      327.000000000000000         0.000046156051021
      328.000000000000000         0.000046239311563
      329.000000000000000         0.000046336251313
      330.000000000000000         0.000046431012949
      331.000000000000000         0.000046514811825
      332.000000000000000         0.000046601006046
      333.000000000000000         0.000046697522787
      334.000000000000000         0.000046784196652
      335.000000000000000         0.000046867783091
      336.000000000000000         0.000046958403154
      337.000000000000000         0.000047045326482
      338.000000000000000         0.000047129910264
      339.000000000000000         0.000047218791571
      340.000000000000000         0.000047313531951
      341.000000000000000         0.000047395136429
      342.000000000000000         0.000047474441023
      343.000000000000000         0.000047565497578
      344.000000000000000         0.000047647901217
      345.000000000000000         0.000047731804696
      346.000000000000000         0.000047819160114
      347.000000000000000         0.000047904410184
      348.000000000000000         0.000047983378685
      349.000000000000000         0.000048071278930
      350.000000000000000         0.000048155143833
      351.000000000000000         0.000048224821049
      352.000000000000000         0.000048313168177
      353.000000000000000         0.000048393472201
      354.000000000000000         0.000048477070170
      355.000000000000000         0.000048560791088
      356.000000000000000         0.000048636185463
      357.000000000000000         0.000048719829628
      358.000000000000000         0.000048798684203
      359.000000000000000         0.000048882546193
      360.000000000000000         0.000048966995010
      361.000000000000000         0.000049040552582
      362.000000000000000         0.000049116392578
      363.000000000000000         0.000049191080313
      364.000000000000000         0.000049274436430
      365.000000000000000         0.000049351945925
      366.000000000000000         0.000049424674422
      367.000000000000000         0.000049505076627
      368.000000000000000         0.000049585303824
      369.000000000000000         0.000049660653113
      370.000000000000000         0.000049736105026
      371.000000000000000         0.000049815256549
      372.000000000000000         0.000049886852520
      373.000000000000000         0.000049962404041
      374.000000000000000         0.000050038764848
      375.000000000000000         0.000050112896753
      376.000000000000000         0.000050188100245
      377.000000000000000         0.000050257249378
      378.000000000000000         0.000050340844005
      379.000000000000000         0.000050410770002
      380.000000000000000         0.000050475905177
      381.000000000000000         0.000050558478909
      382.000000000000000         0.000050625196687
      383.000000000000000         0.000050699613150
      384.000000000000000         0.000050775110943
      385.000000000000000         0.000050842907814
      386.000000000000000         0.000050912816914
      387.000000000000000         0.000050983371010
      388.000000000000000         0.000051062558200
      389.000000000000000         0.000051124846447
      390.000000000000000         0.000051193178157
      391.000000000000000         0.000051274204629
      392.000000000000000         0.000051342153858
      393.000000000000000         0.000051409108811
      394.000000000000000         0.000051474569775
      395.000000000000000         0.000051548989314
      396.000000000000000         0.000051620572070
      397.000000000000000         0.000051683034417
      398.000000000000000         0.000051748116455
      399.000000000000000         0.000051822501084
      400.000000000000000         0.000051893232745
      401.000000000000000         0.000051958042400
      402.000000000000000         0.000052021614163
      403.000000000000000         0.000052086148669
      404.000000000000000         0.000052161002957
      405.000000000000000         0.000052233770129
      406.000000000000000         0.000052282067873
      407.000000000000000         0.000052342853227
      408.000000000000000         0.000052421481469
      409.000000000000000         0.000052490576252
      410.000000000000000         0.000052559575051
      411.000000000000000         0.000052627704817
      412.000000000000000         0.000052673320371
      413.000000000000000         0.000052736514264
      414.000000000000000         0.000052819118813
      415.000000000000000         0.000052884693727
      416.000000000000000         0.000052933455100
      417.000000000000000         0.000052995189941
      418.000000000000000         0.000053071586524
      419.000000000000000         0.000053122663644
      420.000000000000000         0.000053187707119
      421.000000000000000         0.000053255541410
      422.000000000000000         0.000053314558419
      423.000000000000000         0.000053381668639
      424.000000000000000         0.000053442232231
      425.000000000000000         0.000053499458818
      426.000000000000000         0.000053571112822
      427.000000000000000         0.000053623657339
      428.000000000000000         0.000053680425559
      429.000000000000000         0.000053753102496
      430.000000000000000         0.000053804915306
      431.000000000000000         0.000053868894108
      432.000000000000000         0.000053922581235
      433.000000000000000         0.000053982798453
      434.000000000000000         0.000054045736698
      435.000000000000000         0.000054100628178
      436.000000000000000         0.000054175969826
      437.000000000000000         0.000054221048847
      438.000000000000000         0.000054263983005
      439.000000000000000         0.000054339044371
      440.000000000000000         0.000054400321656
      441.000000000000000         0.000054461117711
      442.000000000000000         0.000054522054415
      443.000000000000000         0.000054571840855
      444.000000000000000         0.000054624356680
      445.000000000000000         0.000054682244407
      446.000000000000000         0.000054748733905
      447.000000000000000         0.000054808271825
      448.000000000000000         0.000054853906581
      449.000000000000000         0.000054903848327
      450.000000000000000         0.000054966450018
      451.000000000000000         0.000055028757250
      452.000000000000000         0.000055081963014
      453.000000000000000         0.000055143023325
      454.000000000000000         0.000055196829922
      455.000000000000000         0.000055246714179
      456.000000000000000         0.000055307118490
      457.000000000000000         0.000055351355086
      458.000000000000000         0.000055402807039
      459.000000000000000         0.000055458698971
      460.000000000000000         0.000055516106929
      461.000000000000000         0.000055582766711
      462.000000000000000         0.000055628198826
      463.000000000000000         0.000055668643186
      464.000000000000000         0.000055734298503
      465.000000000000000         0.000055796088810
      466.000000000000000         0.000055840793807
      467.000000000000000         0.000055888194914
      468.000000000000000         0.000055935320080
      469.000000000000000         0.000055996929395
      470.000000000000000         0.000056061163747
      471.000000000000000         0.000056104471569
      472.000000000000000         0.000056144039151
      473.000000000000000         0.000056194033800
      474.000000000000000         0.000056258136238
      475.000000000000000         0.000056304458846
      476.000000000000000         0.000056345667598
      477.000000000000000         0.000056408973443
      478.000000000000000         0.000056465250910
      479.000000000000000         0.000056511966278
      480.000000000000000         0.000056555780164
      481.000000000000000         0.000056600644649
      482.000000000000000         0.000056653738956
      483.000000000000000         0.000056706167627
      484.000000000000000         0.000056757193893
      485.000000000000000         0.000056802838838
      486.000000000000000         0.000056851524346
      487.000000000000000         0.000056908707709
      488.000000000000000         0.000056953468499
      489.000000000000000         0.000056987958760
      490.000000000000000         0.000057044393245
      491.000000000000000         0.000057097133797
      492.000000000000000         0.000057137179787
      493.000000000000000         0.000057198555705
      494.000000000000000         0.000057240706709
      495.000000000000000         0.000057281088861
      496.000000000000000         0.000057331297059
      497.000000000000000         0.000057377115869
      498.000000000000000         0.000057422868286
      499.000000000000000         0.000057465880541
      500.000000000000000         0.000057519279660
      501.000000000000000         0.000057570939717
      502.000000000000000         0.000057613719372
      503.000000000000000         0.000057655936635
      504.000000000000000         0.000057699986307
      505.000000000000000         0.000057743000020
      506.000000000000000         0.000057787818387
      507.000000000000000         0.000057838337385
      508.000000000000000         0.000057878752252
      509.000000000000000         0.000057931205155
      510.000000000000000         0.000057976588351
      511.000000000000000         0.000058008920669
      512.000000000000000         0.000058058161180
      513.000000000000000         0.000058110054818
      514.000000000000000         0.000058149821016
      515.000000000000000         0.000058180743679
      516.000000000000000         0.000058234204774
      517.000000000000000         0.000058276865348
      518.000000000000000         0.000058315635778
      519.000000000000000         0.000058370607090
      520.000000000000000         0.000058406689085
      521.000000000000000         0.000058444632705
      522.000000000000000         0.000058491740061
      523.000000000000000         0.000058536038437
      524.000000000000000         0.000058571717902
      525.000000000000000         0.000058611906172
      526.000000000000000         0.000058665321654
      527.000000000000000         0.000058702777741
      528.000000000000000         0.000058730761094
      529.000000000000000         0.000058780971290
      530.000000000000000         0.000058829756163
      531.000000000000000         0.000058867088326
      532.000000000000000         0.000058904644710
      533.000000000000000         0.000058936275422
      534.000000000000000         0.000058988246981
      535.000000000000000         0.000059030972135
      536.000000000000000         0.000059066046331
      537.000000000000000         0.000059101601781
      538.000000000000000         0.000059137477220
      539.000000000000000         0.000059190606254
      540.000000000000000         0.000059233266299
      541.000000000000000         0.000059259655102
      542.000000000000000         0.000059298201499
      543.000000000000000         0.000059335590138
      544.000000000000000         0.000059370071932
      545.000000000000000         0.000059424336029
      546.000000000000000         0.000059465012712
      547.000000000000000         0.000059489230623
      548.000000000000000         0.000059520542825
      549.000000000000000         0.000059559056901
      550.000000000000000         0.000059614037885
      551.000000000000000         0.000059646661404
      552.000000000000000         0.000059674282473
      553.000000000000000         0.000059718119643
      554.000000000000000         0.000059754218689
      555.000000000000000         0.000059792576440
      556.000000000000000         0.000059818718319
      557.000000000000000         0.000059868288048
      558.000000000000000         0.000059915955374
      559.000000000000000         0.000059931618257
      560.000000000000000         0.000059970356928
      561.000000000000000         0.000060010699676
      562.000000000000000         0.000060043318786
      563.000000000000000         0.000060076676908
      564.000000000000000         0.000060108410418
      565.000000000000000         0.000060149456819
      566.000000000000000         0.000060179252891
      567.000000000000000         0.000060214501628
      568.000000000000000         0.000060265120590
      569.000000000000000         0.000060308030695
      570.000000000000000         0.000060322170201
      571.000000000000000         0.000060344831949
      572.000000000000000         0.000060376922776
      573.000000000000000         0.000060420747398
      574.000000000000000         0.000060469785864
      575.000000000000000         0.000060496834246
      576.000000000000000         0.000060508088843
      577.000000000000000         0.000060545169682
      578.000000000000000         0.000060592690182
      579.000000000000000         0.000060620742100
      580.000000000000000         0.000060647607252
      581.000000000000000         0.000060695974588
      582.000000000000000         0.000060738589477
      583.000000000000000         0.000060742643582
      584.000000000000000         0.000060784174460
      585.000000000000000         0.000060813579277
      586.000000000000000         0.000060837244917
      587.000000000000000         0.000060884136295
      588.000000000000000         0.000060911396685
      589.000000000000000         0.000060932086086
      590.000000000000000         0.000060949948518
      591.000000000000000         0.000061012364839
      592.000000000000000         0.000061057415017
      593.000000000000000         0.000061066905471
      594.000000000000000         0.000061076206631
      595.000000000000000         0.000061119226022
      596.000000000000000         0.000061161516008
      597.000000000000000         0.000061179665984
      598.000000000000000         0.000061212360061
      599.000000000000000         0.000061248734156
      600.000000000000000         0.000061286346442
      601.000000000000000         0.000061293194466
      602.000000000000000         0.000061314836212
      603.000000000000000         0.000061354082875
      604.000000000000000         0.000061382793345
      605.000000000000000         0.000061421216496
      606.000000000000000         0.000061458860702
      607.000000000000000         0.000061479595929
      608.000000000000000         0.000061498129384
      609.000000000000000         0.000061535915456
      610.000000000000000         0.000061567436660
      611.000000000000000         0.000061561799229
      612.000000000000000         0.000061591407884
      613.000000000000000         0.000061643462726
      614.000000000000000         0.000061671540204
      615.000000000000000         0.000061697011170
      616.000000000000000         0.000061730488443
      617.000000000000000         0.000061744359833
      618.000000000000000         0.000061762891756
      619.000000000000000         0.000061788531806
      620.000000000000000         0.000061812554538
      621.000000000000000         0.000061852531845
      622.000000000000000         0.000061904613651
      623.000000000000000         0.000061902848267
      624.000000000000000         0.000061919096142
      625.000000000000000         0.000061953596430
      626.000000000000000         0.000061978311263
      627.000000000000000         0.000062008044589
      628.000000000000000         0.000062033292726
      629.000000000000000         0.000062049903959
      630.000000000000000         0.000062059066476
      631.000000000000000         0.000062101059812
      632.000000000000000         0.000062136861691
      633.000000000000000         0.000062171662092
      634.000000000000000         0.000062168941636
      635.000000000000000         0.000062184308140
      636.000000000000000         0.000062225769880
      637.000000000000000         0.000062235259402
      638.000000000000000         0.000062264369208
      639.000000000000000         0.000062312538369
      640.000000000000000         0.000062317349018
      641.000000000000000         0.000062321463401
      642.000000000000000         0.000062368989999
      643.000000000000000         0.000062401424249
      644.000000000000000         0.000062408758179
      645.000000000000000         0.000062426172468
      646.000000000000000         0.000062434143585
      647.000000000000000         0.000062473340300
      648.000000000000000         0.000062487347564
      649.000000000000000         0.000062513457620
      650.000000000000000         0.000062538917104
      651.000000000000000         0.000062562075008
      652.000000000000000         0.000062578977329
      653.000000000000000         0.000062615370339
      654.000000000000000         0.000062632127911
      655.000000000000000         0.000062600155836
      656.000000000000000         0.000062672041359
      657.000000000000000         0.000062685010419
      658.000000000000000         0.000062696533167
      659.000000000000000         0.000062735173108
      660.000000000000000         0.000062728835650
      661.000000000000000         0.000062759373121
      662.000000000000000         0.000062782107857
      663.000000000000000         0.000062808448701
      664.000000000000000         0.000062843104112
      665.000000000000000         0.000062826452940
      666.000000000000000         0.000062843037252
      667.000000000000000         0.000062892592148
      668.000000000000000         0.000062878651906
      669.000000000000000         0.000062895855528
      670.000000000000000         0.000062967002101
      671.000000000000000         0.000062972297137
      672.000000000000000         0.000062953974628
      673.000000000000000         0.000062975786325
      674.000000000000000         0.000063017723993
      675.000000000000000         0.000063018505254
      676.000000000000000         0.000063020598286
      677.000000000000000         0.000063043467725
      678.000000000000000         0.000063071282387
      679.000000000000000         0.000063108747605
      680.000000000000000         0.000063113623713
      681.000000000000000         0.000063127517943
      682.000000000000000         0.000063139345724
      683.000000000000000         0.000063173193854
      684.000000000000000         0.000063200316817
      685.000000000000000         0.000063170665741
      686.000000000000000         0.000063186206468
      687.000000000000000         0.000063218098010
      688.000000000000000         0.000063262035512
      689.000000000000000         0.000063278512778
      690.000000000000000         0.000063232084378
      691.000000000000000         0.000063265364760
      692.000000000000000         0.000063316525145
      693.000000000000000         0.000063319255149
      694.000000000000000         0.000063335203633
      695.000000000000000         0.000063329810799
      696.000000000000000         0.000063357995930
      697.000000000000000         0.000063378513400
      698.000000000000000         0.000063382496953
      699.000000000000000         0.000063408774304
      700.000000000000000         0.000063408281184
      701.000000000000000         0.000063405158086
      702.000000000000000         0.000063422616636
      703.000000000000000         0.000063449242181
      704.000000000000000         0.000063483731387
      705.000000000000000         0.000063480852329
      706.000000000000000         0.000063480292112
      707.000000000000000         0.000063510426191
      708.000000000000000         0.000063518995733
      709.000000000000000         0.000063535075078
      710.000000000000000         0.000063533697763
      711.000000000000000         0.000063556258260
      712.000000000000000         0.000063566809577
      713.000000000000000         0.000063578084492
      714.000000000000000         0.000063616702774
      715.000000000000000         0.000063610456296
      716.000000000000000         0.000063579713308
      717.000000000000000         0.000063618841617
      718.000000000000000         0.000063632875297
      719.000000000000000         0.000063634059103
      720.000000000000000         0.000063668661667
      721.000000000000000         0.000063681406463
      722.000000000000000         0.000063673747800
      723.000000000000000         0.000063696373675
      724.000000000000000         0.000063678886936
      725.000000000000000         0.000063672410950
      726.000000000000000         0.000063743097215
      727.000000000000000         0.000063747957410
      728.000000000000000         0.000063715903307
      729.000000000000000         0.000063725974052
      730.000000000000000         0.000063775031315
      731.000000000000000         0.000063771357416
      732.000000000000000         0.000063774149755
      733.000000000000000         0.000063784977464
      734.000000000000000         0.000063791607324
      735.000000000000000         0.000063773572443
      736.000000000000000         0.000063812255305
      737.000000000000000         0.000063835504248
      738.000000000000000         0.000063804130318
      739.000000000000000         0.000063827299497
      740.000000000000000         0.000063854694832
      741.000000000000000         0.000063860721922
      742.000000000000000         0.000063847414579
      743.000000000000000         0.000063872354672
      744.000000000000000         0.000063871227560
      745.000000000000000         0.000063873241167
      746.000000000000000         0.000063877925901
      747.000000000000000         0.000063898298467
      748.000000000000000         0.000063907444435
      749.000000000000000         0.000063861934226
      750.000000000000000         0.000063907347755
      751.000000000000000         0.000063922441037
      752.000000000000000         0.000063923523300
      753.000000000000000         0.000063915225190
      754.000000000000000         0.000063910760741
      755.000000000000000         0.000063981078126
      756.000000000000000         0.000063938584363
      757.000000000000000         0.000063907242177
      758.000000000000000         0.000063953911975
      759.000000000000000         0.000063952773173
      760.000000000000000         0.000063954682358
      761.000000000000000         0.000064013452393
      762.000000000000000         0.000063993593848
      763.000000000000000         0.000063929890116
      764.000000000000000         0.000063982062886
      765.000000000000000         0.000064005365261
      766.000000000000000         0.000064006869200
      767.000000000000000         0.000063999835154
      768.000000000000000         0.000063993204972
      769.000000000000000         0.000063986115662
      770.000000000000000         0.000063995599332
      771.000000000000000         0.000064022050592
      772.000000000000000         0.000063985916075
      773.000000000000000         0.000063994822114
      774.000000000000000         0.000064041313432
      775.000000000000000         0.000064008030142
      776.000000000000000         0.000064021686235
      777.000000000000000         0.000064025092716
      778.000000000000000         0.000064008227814
      779.000000000000000         0.000064040355563
      780.000000000000000         0.000064040277514
      781.000000000000000         0.000064037527826
      782.000000000000000         0.000064011355872
      783.000000000000000         0.000064047226038
      784.000000000000000         0.000064018173115
      785.000000000000000         0.000064012961246
      786.000000000000000         0.000064048731512
      787.000000000000000         0.000064013822351
      788.000000000000000         0.000064023733225
      789.000000000000000         0.000064102797789
      790.000000000000000         0.000064060531140
      791.000000000000000         0.000063999680227
      792.000000000000000         0.000064047033346
      793.000000000000000         0.000064030191253
      794.000000000000000         0.000064044992552
      795.000000000000000         0.000064025191862
      796.000000000000000         0.000064015875126
      797.000000000000000         0.000064030426209
      798.000000000000000         0.000064038069799
      799.000000000000000         0.000064077840171
      800.000000000000000         0.000064047774471
      801.000000000000000         0.000064028788362
      802.000000000000000         0.000064002739219
      803.000000000000000         0.000064035599930
      804.000000000000000         0.000064080011745
      805.000000000000000         0.000064006519287
      806.000000000000000         0.000063986565558
      807.000000000000000         0.000064074546202
      808.000000000000000         0.000064005955993
      809.000000000000000         0.000063977456327
      810.000000000000000         0.000064038920725
      811.000000000000000         0.000063995725642
      812.000000000000000         0.000063986290052
      813.000000000000000         0.000064020830356
      814.000000000000000         0.000064037691320
      815.000000000000000         0.000063978125623
      816.000000000000000         0.000063962019217
      817.000000000000000         0.000064035684007
      818.000000000000000         0.000064031266862
      819.000000000000000         0.000063970931175
      820.000000000000000         0.000064005648143
      821.000000000000000         0.000064011313483
      822.000000000000000         0.000063949412589
      823.000000000000000         0.000063975236057
      824.000000000000000         0.000063944321848
      825.000000000000000         0.000063986299060
      826.000000000000000         0.000063984018132
      827.000000000000000         0.000063911910279
      828.000000000000000         0.000063998297499
      829.000000000000000         0.000063923429474
      830.000000000000000         0.000063883850497
      831.000000000000000         0.000063929687927
      832.000000000000000         0.000063936945041
      833.000000000000000         0.000063935218270
      834.000000000000000         0.000063947344603
      835.000000000000000         0.000063946739712
      836.000000000000000         0.000063868401995
      837.000000000000000         0.000063912977578
      838.000000000000000         0.000063886352521
      839.000000000000000         0.000063855995922
      840.000000000000000         0.000063887198509
      841.000000000000000         0.000063847576052
      842.000000000000000         0.000063861601084
      843.000000000000000         0.000063862504702
      844.000000000000000         0.000063887406253
      845.000000000000000         0.000063858626030
      846.000000000000000         0.000063843313012
      847.000000000000000         0.000063831937252
      848.000000000000000         0.000063777356389
      849.000000000000000         0.000063795316032
      850.000000000000000         0.000063803554744
      851.000000000000000         0.000063809497735
      852.000000000000000         0.000063814986931
      853.000000000000000         0.000063758167717
      854.000000000000000         0.000063755411092
      855.000000000000000         0.000063771808858
      856.000000000000000         0.000063738078703
      857.000000000000000         0.000063786848623
      858.000000000000000         0.000063746073021
      859.000000000000000         0.000063675003476
      860.000000000000000         0.000063730112350
      861.000000000000000         0.000063731667442
      862.000000000000000         0.000063672333544
      863.000000000000000         0.000063746206284
      864.000000000000000         0.000063673542888
      865.000000000000000         0.000063608531302
      866.000000000000000         0.000063672956444
      867.000000000000000         0.000063679339704
      868.000000000000000         0.000063685835403
      869.000000000000000         0.000063597204489
      870.000000000000000         0.000063576300974
      871.000000000000000         0.000063648001072
      872.000000000000000         0.000063614806195
      873.000000000000000         0.000063591656184
      874.000000000000000         0.000063588497960
      875.000000000000000         0.000063534996068
      876.000000000000000         0.000063559904535
      877.000000000000000         0.000063544070559
      878.000000000000000         0.000063506858955
      879.000000000000000         0.000063532490983
      880.000000000000000         0.000063502856847
      881.000000000000000         0.000063493682661
      882.000000000000000         0.000063483240512
      883.000000000000000         0.000063443086696
      884.000000000000000         0.000063449251815
      885.000000000000000         0.000063474016421
      886.000000000000000         0.000063430205767
      887.000000000000000         0.000063390349103
      888.000000000000000         0.000063435686517
      889.000000000000000         0.000063426199516
      890.000000000000000         0.000063336910376
      891.000000000000000         0.000063298974020
      892.000000000000000         0.000063373868751
      893.000000000000000         0.000063342344870
      894.000000000000000         0.000063321616843
      895.000000000000000         0.000063320609570
      896.000000000000000         0.000063286179685
      897.000000000000000         0.000063307430029
      898.000000000000000         0.000063281828351
      899.000000000000000         0.000063244309883
      900.000000000000000         0.000063265880906
      901.000000000000000         0.000063250843513
      902.000000000000000         0.000063194466835
      903.000000000000000         0.000063180789633
      904.000000000000000         0.000063177223454
      905.000000000000000         0.000063192144519
      906.000000000000000         0.000063148060038
      907.000000000000000         0.000063116203826
      908.000000000000000         0.000063105807784
      909.000000000000000         0.000063109418735
      910.000000000000000         0.000063092426103
      911.000000000000000         0.000063057376436
      912.000000000000000         0.000063087135536
      913.000000000000000         0.000063017943891
      914.000000000000000         0.000063040405161
      915.000000000000000         0.000063046103832
      916.000000000000000         0.000062958630010
      917.000000000000000         0.000063011600730
      918.000000000000000         0.000062961692328
      919.000000000000000         0.000062907928319
      920.000000000000000         0.000062887053683
      921.000000000000000         0.000062922766010
      922.000000000000000         0.000062936914123
      923.000000000000000         0.000062863620911
      924.000000000000000         0.000062870024677
      925.000000000000000         0.000062842564379
      926.000000000000000         0.000062781903635
      927.000000000000000         0.000062768942349
      928.000000000000000         0.000062812317001
      929.000000000000000         0.000062811156741
      930.000000000000000         0.000062730318190
      931.000000000000000         0.000062714227190
      932.000000000000000         0.000062713599699
      933.000000000000000         0.000062685117027
      934.000000000000000         0.000062719723330
      935.000000000000000         0.000062644951702
      936.000000000000000         0.000062581475388
      937.000000000000000         0.000062625160148
      938.000000000000000         0.000062603426976
      939.000000000000000         0.000062576009074
      940.000000000000000         0.000062591922961
      941.000000000000000         0.000062576707749
      942.000000000000000         0.000062524151257
      943.000000000000000         0.000062450299065
      944.000000000000000         0.000062451259634
      945.000000000000000         0.000062487898042
      946.000000000000000         0.000062448447268
      947.000000000000000         0.000062403233402
      948.000000000000000         0.000062420281258
      949.000000000000000         0.000062407132957
      950.000000000000000         0.000062331410535
      951.000000000000000         0.000062345433444
      952.000000000000000         0.000062348457187
      953.000000000000000         0.000062263287304
      954.000000000000000         0.000062308014494
      955.000000000000000         0.000062271019103
      956.000000000000000         0.000062182177797
      957.000000000000000         0.000062231694189
      958.000000000000000         0.000062237138451
      959.000000000000000         0.000062169532404
      960.000000000000000         0.000062123107882
      961.000000000000000         0.000062127666233
      962.000000000000000         0.000062110969618
      963.000000000000000         0.000062081989539
      964.000000000000000         0.000062073435954
      965.000000000000000         0.000062046300407
      966.000000000000000         0.000061977534919
      967.000000000000000         0.000062022524752
      968.000000000000000         0.000061996116076
      969.000000000000000         0.000061910780115
      970.000000000000000         0.000061986323080
      971.000000000000000         0.000061905271965
      972.000000000000000         0.000061840572571
      973.000000000000000         0.000061895805590
      974.000000000000000         0.000061825796605
      975.000000000000000         0.000061829609180
      976.000000000000000         0.000061787097359
      977.000000000000000         0.000061735730808
      978.000000000000000         0.000061770314072
      979.000000000000000         0.000061738098881
      980.000000000000000         0.000061719987239
      981.000000000000000         0.000061672063286
      982.000000000000000         0.000061631206259
      983.000000000000000         0.000061609999096
      984.000000000000000         0.000061575059492
      985.000000000000000         0.000061586337557
      986.000000000000000         0.000061543858358
      987.000000000000000         0.000061503082589
      988.000000000000000         0.000061507528444
      989.000000000000000         0.000061465749897
      990.000000000000000         0.000061449648984
      991.000000000000000         0.000061483021506
      992.000000000000000         0.000061415658494
      993.000000000000000         0.000061343155505
      994.000000000000000         0.000061340373593
      995.000000000000000         0.000061335519147
      996.000000000000000         0.000061325074282
      997.000000000000000         0.000061264426956
      998.000000000000000         0.000061252794165
      999.000000000000000         0.000061241890279
     1000.000000000000000         0.000061161351603
     1001.000000000000000         0.000061141799437
     1002.000000000000000         0.000061199767516
     1003.000000000000000         0.000061192004370
     1004.000000000000000         0.000061078086503
     1005.000000000000000         0.000061054239113
     1006.000000000000000         0.000061038724908
     1007.000000000000000         0.000061018984947
     1008.000000000000000         0.000060976334709
     1009.000000000000000         0.000060909340612
     1010.000000000000000         0.000060952504991
     1011.000000000000000         0.000060945560140
     1012.000000000000000         0.000060886828888
     1013.000000000000000         0.000060860074037
     1014.000000000000000         0.000060838349371
     1015.000000000000000         0.000060818841844
     1016.000000000000000         0.000060773106193
     1017.000000000000000         0.000060704832495
     1018.000000000000000         0.000060801661579
     1019.000000000000000         0.000060706944691
     1020.000000000000000         0.000060590917748
     1021.000000000000000         0.000060693961502
     1022.000000000000000         0.000060588491555
     1023.000000000000000         0.000060529055350
     1024.000000000000000         0.000060575589919
     1025.000000000000000         0.000060494289573
     1026.000000000000000         0.000060495849320
     1027.000000000000000         0.000060495763497
     1028.000000000000000         0.000060393163853
     1029.000000000000000         0.000060412958099
     1030.000000000000000         0.000060414744477
     1031.000000000000000         0.000060363552735
     1032.000000000000000         0.000060313379315
     1033.000000000000000         0.000060258790591
     1034.000000000000000         0.000060249400835
     1035.000000000000000         0.000060251968841
     1036.000000000000000         0.000060246994944
     1037.000000000000000         0.000060151103360
     1038.000000000000000         0.000060106242766
     1039.000000000000000         0.000060124315327
     1040.000000000000000         0.000060116661047
     1041.000000000000000         0.000060067650272
     1042.000000000000000         0.000060013764442
     1043.000000000000000         0.000060055354721
     1044.000000000000000         0.000059977485830
     1045.000000000000000         0.000059864961172
     1046.000000000000000         0.000059899014710
     1047.000000000000000         0.000059908739546
     1048.000000000000000         0.000059853054521
     1049.000000000000000         0.000059817747515
     1050.000000000000000         0.000059778435180
     1051.000000000000000         0.000059737822553
     1052.000000000000000         0.000059716028243
     1053.000000000000000         0.000059751954143
     1054.000000000000000         0.000059757625126
     1055.000000000000000         0.000059620750265
     1056.000000000000000         0.000059571932756
     1057.000000000000000         0.000059484361456
     1058.000000000000000         0.000059523858699
     1059.000000000000000         0.000059541279651
     1060.000000000000000         0.000059481508328
     1061.000000000000000         0.000059526087599
     1062.000000000000000         0.000059417301011
     1063.000000000000000         0.000059344049659
     1064.000000000000000         0.000059341060833
     1065.000000000000000         0.000059333697499
     1066.000000000000000         0.000059318865489
     1067.000000000000000         0.000059215018975
     1068.000000000000000         0.000059232938762
     1069.000000000000000         0.000059212323312
     1070.000000000000000         0.000059176908403
     1071.000000000000000         0.000059169952165
     1072.000000000000000         0.000059045203297
     1073.000000000000000         0.000059002096879
     1074.000000000000000         0.000059010398133
     1075.000000000000000         0.000059024336284
     1076.000000000000000         0.000058999957888
     1077.000000000000000         0.000058930287000
     1078.000000000000000         0.000058918904120
     1079.000000000000000         0.000058907778535
     1080.000000000000000         0.000058840508684
     1081.000000000000000         0.000058836824100
     1082.000000000000000         0.000058709436730
     1083.000000000000000         0.000058697621677
     1084.000000000000000         0.000058756709326
     1085.000000000000000         0.000058628199999
     1086.000000000000000         0.000058625795992
     1087.000000000000000         0.000058616386618
     1088.000000000000000         0.000058542042788
     1089.000000000000000         0.000058543187062
     1090.000000000000000         0.000058495831452
     1091.000000000000000         0.000058477388052
     1092.000000000000000         0.000058457030448
     1093.000000000000000         0.000058408566299
     1094.000000000000000         0.000058381428160
     1095.000000000000000         0.000058332291961
     1096.000000000000000         0.000058263621270
     1097.000000000000000         0.000058241934975
     1098.000000000000000         0.000058258175898
     1099.000000000000000         0.000058170257513
     1100.000000000000000         0.000058181631427
     1101.000000000000000         0.000058149918581
     1102.000000000000000         0.000058070370172
     1103.000000000000000         0.000058050890436
     1104.000000000000000         0.000058032891116
     1105.000000000000000         0.000058031471599
     1106.000000000000000         0.000057942502756
     1107.000000000000000         0.000057849931910
     1108.000000000000000         0.000057868457135
     1109.000000000000000         0.000057881152510
     1110.000000000000000         0.000057818946992
     1111.000000000000000         0.000057814842521
     1112.000000000000000         0.000057679361207
     1113.000000000000000         0.000057691956522
     1114.000000000000000         0.000057772592101
     1115.000000000000000         0.000057665927179
     1116.000000000000000         0.000057567965633
     1117.000000000000000         0.000057556033617
     1118.000000000000000         0.000057618691223
     1119.000000000000000         0.000057457456757
     1120.000000000000000         0.000057462894120
     1121.000000000000000         0.000057439298150
     1122.000000000000000         0.000057380395880
     1123.000000000000000         0.000057383538365
     1124.000000000000000         0.000057250197044
     1125.000000000000000         0.000057305865608
     1126.000000000000000         0.000057245064373
     1127.000000000000000         0.000057190944159
     1128.000000000000000         0.000057178519271
     1129.000000000000000         0.000057133234748
     1130.000000000000000         0.000057090351879
     1131.000000000000000         0.000057060016265
     1132.000000000000000         0.000057067800043
     1133.000000000000000         0.000056976950796
     1134.000000000000000         0.000056950818608
     1135.000000000000000         0.000056944336921
     1136.000000000000000         0.000056864421684
     1137.000000000000000         0.000056801306111
     1138.000000000000000         0.000056794177217
     1139.000000000000000         0.000056823303887
     1140.000000000000000         0.000056756524142
     1141.000000000000000         0.000056664242449
     1142.000000000000000         0.000056666881420
     1143.000000000000000         0.000056644512954
     1144.000000000000000         0.000056561957458
     1145.000000000000000         0.000056476752594
     1146.000000000000000         0.000056456445050
     1147.000000000000000         0.000056499445336
     1148.000000000000000         0.000056456942088
     1149.000000000000000         0.000056394476609
     1150.000000000000000         0.000056391061151
     1151.000000000000000         0.000056327825991
     1152.000000000000000         0.000056275294469
     1153.000000000000000         0.000056249070057
     1154.000000000000000         0.000056205092858
     1155.000000000000000         0.000056189011036
     1156.000000000000000         0.000056200670657
     1157.000000000000000         0.000056172943385
     1158.000000000000000         0.000056044353604
     1159.000000000000000         0.000055887893198
     1160.000000000000000         0.000055943039593
     1161.000000000000000         0.000055984839216
     1162.000000000000000         0.000055841353975
     1163.000000000000000         0.000055867520172
     1164.000000000000000         0.000055854373499
     1165.000000000000000         0.000055829304669
     1166.000000000000000         0.000055807372989
     1167.000000000000000         0.000055691396736
     1168.000000000000000         0.000055612620927
     1169.000000000000000         0.000055637523001
     1170.000000000000000         0.000055670087698
     1171.000000000000000         0.000055537079404
     1172.000000000000000         0.000055431310291
     1173.000000000000000         0.000055462926327
     1174.000000000000000         0.000055494078016
     1175.000000000000000         0.000055423600873
     1176.000000000000000         0.000055362374235
     1177.000000000000000         0.000055344075159
     1178.000000000000000         0.000055322544994
     1179.000000000000000         0.000055253505121
     1180.000000000000000         0.000055187947198
     1181.000000000000000         0.000055144323830
     1182.000000000000000         0.000055124168748
     1183.000000000000000         0.000055079633459
     1184.000000000000000         0.000055038509373
     1185.000000000000000         0.000055088002602
     1186.000000000000000         0.000055001351385
     1187.000000000000000         0.000054906387446
     1188.000000000000000         0.000054847475649
     1189.000000000000000         0.000054820534625
     1190.000000000000000         0.000054835709837
     1191.000000000000000         0.000054794317239
     1192.000000000000000         0.000054777412787
     1193.000000000000000         0.000054716719806
     1194.000000000000000         0.000054629732761
     1195.000000000000000         0.000054673240614
     1196.000000000000000         0.000054572993494
     1197.000000000000000         0.000054427083616
     1198.000000000000000         0.000054540654852
     1199.000000000000000         0.000054437625875
     1200.000000000000000         0.000054448916456
