        0.000000000000000        19.429104318430586
        1.000000000000000        19.429104198731970
        2.000000000000000        19.429103699543433
        3.000000000000000        19.429102167479176
        4.000000000000000        19.429099361039214
        5.000000000000000        19.429094733257340
        6.000000000000000        19.429088090542621
        7.000000000000000        19.429078972066574
        8.000000000000000        19.429066999791221
        9.000000000000000        19.429051969159612
       10.000000000000000        19.429033590989189
       11.000000000000000        19.429011619762615
       12.000000000000000        19.428985872972685
       13.000000000000000        19.428956335065880
       14.000000000000000        19.428922677777290
       15.000000000000000        19.428884991881461
       16.000000000000000        19.428843141292191
       17.000000000000000        19.428797019384721
       18.000000000000000        19.428746724624709
       19.000000000000000        19.428692294978450
       20.000000000000000        19.428633530390687
       21.000000000000000        19.428570740261076
       22.000000000000000        19.428503837322424
       23.000000000000000        19.428432879151718
       24.000000000000000        19.428358100779231
       25.000000000000000        19.428279586771538
       26.000000000000000        19.428197342121081
       27.000000000000000        19.428111557408801
       28.000000000000000        19.428022425838854
       29.000000000000000        19.427930176810268
       30.000000000000000        19.427834828866310
       31.000000000000000        19.427736561370189
       32.000000000000000        19.427635736249144
       33.000000000000000        19.427532345852576
       34.000000000000000        19.427426711806287
       35.000000000000000        19.427319042286225
       36.000000000000000        19.427209431773765
       37.000000000000000        19.427098222145386
       38.000000000000000        19.426985566098445
       39.000000000000000        19.426871650113814
       40.000000000000000        19.426756798055813
       41.000000000000000        19.426641154512637
       42.000000000000000        19.426524829422483
       43.000000000000000        19.426408298988104
       44.000000000000000        19.426291574116178
       45.000000000000000        19.426174951354515
       46.000000000000000        19.426058549535441
       47.000000000000000        19.425942700020737
       48.000000000000000        19.425827624732232
       49.000000000000000        19.425713306967591
       50.000000000000000        19.425600266131177
       51.000000000000000        19.425488447250178
       52.000000000000000        19.425378176597572
       53.000000000000000        19.425269529985357
       54.000000000000000        19.425162929827923
       55.000000000000000        19.425058164061525
       56.000000000000000        19.424955799865046
       57.000000000000000        19.424855838034546
       58.000000000000000        19.424758419959730
       59.000000000000000        19.424663829104819
       60.000000000000000        19.424572008705425
       61.000000000000000        19.424483326524481
       62.000000000000000        19.424397934558634
       63.000000000000000        19.424315785879998
       64.000000000000000        19.424237106210818
       65.000000000000000        19.424162106331622
       66.000000000000000        19.424090802803804
       67.000000000000000        19.424023419023886
       68.000000000000000        19.423960050161867
       69.000000000000000        19.423900708790288
       70.000000000000000        19.423845640201272
       71.000000000000000        19.423794826314978
       72.000000000000000        19.423748513790166
       73.000000000000000        19.423706586809871
       74.000000000000000        19.423669465999865
       75.000000000000000        19.423636916825693
       76.000000000000000        19.423609057920007
       77.000000000000000        19.423586197014149
       78.000000000000000        19.423568234035407
       79.000000000000000        19.423555190282599
       80.000000000000000        19.423547281454137
       81.000000000000000        19.423544470395466
       82.000000000000000        19.423546801909918
       83.000000000000000        19.423554445281052
       84.000000000000000        19.423567362871726
       85.000000000000000        19.423585560850512
       86.000000000000000        19.423609244941993
       87.000000000000000        19.423638255432849
       88.000000000000000        19.423672792386764
       89.000000000000000        19.423712778365175
       90.000000000000000        19.423758397318604
       91.000000000000000        19.423809477464712
       92.000000000000000        19.423866049226543
       93.000000000000000        19.423928481278061
       94.000000000000000        19.423996402022407
       95.000000000000000        19.424070054903350
       96.000000000000000        19.424149310790455
       97.000000000000000        19.424234241837944
       98.000000000000000        19.424324915012622
       99.000000000000000        19.424421270075182
      100.000000000000000        19.424523482000417
      101.000000000000000        19.424631273997722
      102.000000000000000        19.424744825413352
      103.000000000000000        19.424864192351482
      104.000000000000000        19.424989219451600
      105.000000000000000        19.425119911143668
      106.000000000000000        19.425256412499635
      107.000000000000000        19.425398656717157
      108.000000000000000        19.425546608609597
      109.000000000000000        19.425700212309781
      110.000000000000000        19.425859681671295
      111.000000000000000        19.426024715088044
      112.000000000000000        19.426195531538717
      113.000000000000000        19.426372006088211
      114.000000000000000        19.426554173999861
      115.000000000000000        19.426741955193570
      116.000000000000000        19.426935475247639
      117.000000000000000        19.427134532587193
      118.000000000000000        19.427339182157578
      119.000000000000000        19.427549495352721
      120.000000000000000        19.427765293073424
      121.000000000000000        19.427986686041617
      122.000000000000000        19.428213617770805
      123.000000000000000        19.428446083579168
      124.000000000000000        19.428684038605663
      125.000000000000000        19.428927535538087
      126.000000000000000        19.429176447360518
      127.000000000000000        19.429430782792970
      128.000000000000000        19.429690553586489
      129.000000000000000        19.429955688097838
      130.000000000000000        19.430226167870384
      131.000000000000000        19.430502047403962
      132.000000000000000        19.430783186910656
      133.000000000000000        19.431069564469453
      134.000000000000000        19.431361286745968
      135.000000000000000        19.431658246853875
      136.000000000000000        19.431960371865689
      137.000000000000000        19.432267764281022
      138.000000000000000        19.432580284889255
      139.000000000000000        19.432897949744987
      140.000000000000000        19.433220662836192
      141.000000000000000        19.433548514112317
      142.000000000000000        19.433881395840871
      143.000000000000000        19.434219301517881
      144.000000000000000        19.434562236594928
      145.000000000000000        19.434910098175859
      146.000000000000000        19.435262929391527
      147.000000000000000        19.435620716517629
      148.000000000000000        19.435983296738858
      149.000000000000000        19.436350770371256
      150.000000000000000        19.436723099162883
      151.000000000000000        19.437100253115304
      152.000000000000000        19.437482172106726
      153.000000000000000        19.437868810822405
      154.000000000000000        19.438260208826563
      155.000000000000000        19.438656297477007
      156.000000000000000        19.439057023600778
      157.000000000000000        19.439462386441249
      158.000000000000000        19.439872396012809
      159.000000000000000        19.440286954517717
      160.000000000000000        19.440706066314149
      161.000000000000000        19.441129689484377
      162.000000000000000        19.441557853270854
      163.000000000000000        19.441990473363347
      164.000000000000000        19.442427523101550
      165.000000000000000        19.442869014104250
      166.000000000000000        19.443314889384933
      167.000000000000000        19.443765101844050
      168.000000000000000        19.444219698138820
      169.000000000000000        19.444678556983185
      170.000000000000000        19.445141708450478
      171.000000000000000        19.445609115934676
      172.000000000000000        19.446080780981376
      173.000000000000000        19.446556611053154
      174.000000000000000        19.447036658141265
      175.000000000000000        19.447520798412143
      176.000000000000000        19.448009119845530
      177.000000000000000        19.448501520163052
      178.000000000000000        19.448997989762258
      179.000000000000000        19.449498501113784
      180.000000000000000        19.450003011923343
      181.000000000000000        19.450511543738525
      182.000000000000000        19.451024039924608
      183.000000000000000        19.451540501882274
      184.000000000000000        19.452060863748354
      185.000000000000000        19.452585157071326
      186.000000000000000        19.453113312172761
      187.000000000000000        19.453645304743400
      188.000000000000000        19.454181136960035
      189.000000000000000        19.454720689568557
      190.000000000000000        19.455264103684073
      191.000000000000000        19.455811280011613
      192.000000000000000        19.456362129920628
      193.000000000000000        19.456916739389804
      194.000000000000000        19.457474999957999
      195.000000000000000        19.458036941719001
      196.000000000000000        19.458602518111459
      197.000000000000000        19.459171710277687
      198.000000000000000        19.459744458523861
      199.000000000000000        19.460320781060037
      200.000000000000000        19.460900712044371
      201.000000000000000        19.461484115360523
      202.000000000000000        19.462071052675316
      203.000000000000000        19.462661440167921
      204.000000000000000        19.463255348292858
      205.000000000000000        19.463852658776503
      206.000000000000000        19.464453370785797
      207.000000000000000        19.465057499544955
      208.000000000000000        19.465665054090021
      209.000000000000000        19.466275928253403
      210.000000000000000        19.466890155329168
      211.000000000000000        19.467507614046337
      212.000000000000000        19.468128486318523
      213.000000000000000        19.468752580475645
      214.000000000000000        19.469379936295525
      215.000000000000000        19.470010531558085
      216.000000000000000        19.470644367372568
      217.000000000000000        19.471281388736841
      218.000000000000000        19.471921573297710
      219.000000000000000        19.472564938443853
      220.000000000000000        19.473211424817205
      221.000000000000000        19.473861055552035
      222.000000000000000        19.474513777728859
      223.000000000000000        19.475169638906952
      224.000000000000000        19.475828514783128
      225.000000000000000        19.476490474161995
      226.000000000000000        19.477155462930654
      227.000000000000000        19.477823436447970
      228.000000000000000        19.478494387192171
      229.000000000000000        19.479168387334795
      230.000000000000000        19.479845303063207
      231.000000000000000        19.480525180514018
      232.000000000000000        19.481208017263231
      233.000000000000000        19.481893755232864
      234.000000000000000        19.482582389547808
      235.000000000000000        19.483273881176643
      236.000000000000000        19.483968256875034
      237.000000000000000        19.484665460116879
      238.000000000000000        19.485365535862481
      239.000000000000000        19.486068427025881
      240.000000000000000        19.486774049033421
      241.000000000000000        19.487482522182329
      242.000000000000000        19.488193717699662
      243.000000000000000        19.488907712510247
      244.000000000000000        19.489624433700484
      245.000000000000000        19.490343880407380
      246.000000000000000        19.491066015024678
      247.000000000000000        19.491790851503204
      248.000000000000000        19.492518339680501
      249.000000000000000        19.493248541869878
      250.000000000000000        19.493981386882112
      251.000000000000000        19.494716831710416
      252.000000000000000        19.495454966095036
      253.000000000000000        19.496195648932449
      254.000000000000000        19.496938920362645
      255.000000000000000        19.497684796193624
      256.000000000000000        19.498433250672882
      257.000000000000000        19.499184209329901
      258.000000000000000        19.499937737170747
      259.000000000000000        19.500693795339650
      260.000000000000000        19.501452367328181
      261.000000000000000        19.502213434981453
      262.000000000000000        19.502976983928768
      263.000000000000000        19.503743008282836
      264.000000000000000        19.504511487034964
      265.000000000000000        19.505282440432513
      266.000000000000000        19.506055773643730
      267.000000000000000        19.506831594705485
      268.000000000000000        19.507609832545135
      269.000000000000000        19.508390388245992
      270.000000000000000        19.509173359532589
      271.000000000000000        19.509958672168246
      272.000000000000000        19.510746440024647
      273.000000000000000        19.511536475508894
      274.000000000000000        19.512328887157420
      275.000000000000000        19.513123574615857
      276.000000000000000        19.513920669804484
      277.000000000000000        19.514720000026120
      278.000000000000000        19.515521632868111
      279.000000000000000        19.516325533851600
      280.000000000000000        19.517131748869136
      281.000000000000000        19.517940205124862
      282.000000000000000        19.518750863914185
      283.000000000000000        19.519563854234850
      284.000000000000000        19.520378930895433
      285.000000000000000        19.521196379288813
      286.000000000000000        19.522015960122857
      287.000000000000000        19.522837697323698
      288.000000000000000        19.523661605285405
      289.000000000000000        19.524487794912211
      290.000000000000000        19.525316077999364
      291.000000000000000        19.526146526080723
      292.000000000000000        19.526979123218496
      293.000000000000000        19.527813808491555
      294.000000000000000        19.528650654460588
      295.000000000000000        19.529489555081135
      296.000000000000000        19.530330673599217
      297.000000000000000        19.531173819575059
      298.000000000000000        19.532019072003472
      299.000000000000000        19.532866228863529
      300.000000000000000        19.533715672626258
      301.000000000000000        19.534567016558356
      302.000000000000000        19.535420552906796
      303.000000000000000        19.536276068437395
      304.000000000000000        19.537133550768342
      305.000000000000000        19.537993086115321
      306.000000000000000        19.538854635086516
      307.000000000000000        19.539718202076958
      308.000000000000000        19.540583744837569
      309.000000000000000        19.541451279797407
      310.000000000000000        19.542320785241142
      311.000000000000000        19.543192129853512
      312.000000000000000        19.544065683040930
      313.000000000000000        19.544940985615170
      314.000000000000000        19.545818194710481
      315.000000000000000        19.546697482284518
      316.000000000000000        19.547578629005535
      317.000000000000000        19.548461745566534
      318.000000000000000        19.549346687414285
      319.000000000000000        19.550233480109750
      320.000000000000000        19.551122210497251
      321.000000000000000        19.552012785283882
      322.000000000000000        19.552905462026192
      323.000000000000000        19.553799730827091
      324.000000000000000        19.554696053224458
      325.000000000000000        19.555594213467494
      326.000000000000000        19.556493923912576
      327.000000000000000        19.557395897196045
      328.000000000000000        19.558299308238315
      329.000000000000000        19.559204621786755
      330.000000000000000        19.560111908680007
      331.000000000000000        19.561021013405401
      332.000000000000000        19.561931663103088
      333.000000000000000        19.562844224796791
      334.000000000000000        19.563758735831005
      335.000000000000000        19.564674774268692
      336.000000000000000        19.565592641698121
      337.000000000000000        19.566512312243123
      338.000000000000000        19.567433667617827
      339.000000000000000        19.568356735028818
      340.000000000000000        19.569281655933935
      341.000000000000000        19.570208518694599
      342.000000000000000        19.571136721339297
      343.000000000000000        19.572066776246661
      344.000000000000000        19.572998631528971
      345.000000000000000        19.573932000857276
      346.000000000000000        19.574867229727761
      347.000000000000000        19.575804108277801
      348.000000000000000        19.576742764427124
      349.000000000000000        19.577682824800753
      350.000000000000000        19.578625012930878
      351.000000000000000        19.579568447807862
      352.000000000000000        19.580513455300085
      353.000000000000000        19.581460441086985
      354.000000000000000        19.582408685023122
      355.000000000000000        19.583359036686840
      356.000000000000000        19.584310651837068
      357.000000000000000        19.585264049016910
      358.000000000000000        19.586219033292434
      359.000000000000000        19.587175612451563
      360.000000000000000        19.588133975325775
      361.000000000000000        19.589093956568814
      362.000000000000000        19.590055295310183
      363.000000000000000        19.591018342261826
      364.000000000000000        19.591982702023540
      365.000000000000000        19.592949110074215
      366.000000000000000        19.593916602353520
      367.000000000000000        19.594885955971648
      368.000000000000000        19.595856695015030
      369.000000000000000        19.596829288987479
      370.000000000000000        19.597803077697893
      371.000000000000000        19.598778725771766
      372.000000000000000        19.599755714078430
      373.000000000000000        19.600734266017238
      374.000000000000000        19.601714313688245
      375.000000000000000        19.602695957163540
      376.000000000000000        19.603679009445418
      377.000000000000000        19.604663699978136
      378.000000000000000        19.605649562390482
      379.000000000000000        19.606637629870615
      380.000000000000000        19.607626333790638
      381.000000000000000        19.608617055245755
      382.000000000000000        19.609609097494300
      383.000000000000000        19.610602535880794
      384.000000000000000        19.611597597418722
      385.000000000000000        19.612594097968355
      386.000000000000000        19.613591920046169
      387.000000000000000        19.614591264397255
      388.000000000000000        19.615591956013443
      389.000000000000000        19.616594509009023
      390.000000000000000        19.617597746777609
      391.000000000000000        19.618603083361958
      392.000000000000000        19.619609603315666
      393.000000000000000        19.620617709391752
      394.000000000000000        19.621626960257171
      395.000000000000000        19.622637739003892
      396.000000000000000        19.623650014543404
      397.000000000000000        19.624663707083588
      398.000000000000000        19.625678538882987
      399.000000000000000        19.626694890880660
      400.000000000000000        19.627712747717496
      401.000000000000000        19.628731981812404
      402.000000000000000        19.629752488694646
      403.000000000000000        19.630774324632551
      404.000000000000000        19.631797471554556
      405.000000000000000        19.632822353124478
      406.000000000000000        19.633848464214108
      407.000000000000000        19.634875349520506
      408.000000000000000        19.635903955011198
      409.000000000000000        19.636934035871096
      410.000000000000000        19.637965462977945
      411.000000000000000        19.638998362110303
      412.000000000000000        19.640032573795342
      413.000000000000000        19.641067373566024
      414.000000000000000        19.642104176654765
      415.000000000000000        19.643142330834515
      416.000000000000000        19.644181819786759
      417.000000000000000        19.645221999667168
      418.000000000000000        19.646264024329373
      419.000000000000000        19.647307316469249
      420.000000000000000        19.648351458925543
      421.000000000000000        19.649397417994791
      422.000000000000000        19.650444337521300
      423.000000000000000        19.651492727519976
      424.000000000000000        19.652542396467389
      425.000000000000000        19.653593278989359
      426.000000000000000        19.654645309675903
      427.000000000000000        19.655699121432065
      428.000000000000000        19.656753330624785
      429.000000000000000        19.657809487199874
      430.000000000000000        19.658866667121206
      431.000000000000000        19.659924974511963
      432.000000000000000        19.660984783954451
      433.000000000000000        19.662045316610314
      434.000000000000000        19.663107608413451
      435.000000000000000        19.664170730883249
      436.000000000000000        19.665235296391725
      437.000000000000000        19.666301497271323
      438.000000000000000        19.667367951379955
      439.000000000000000        19.668435956711839
      440.000000000000000        19.669505479408290
      441.000000000000000        19.670576011561629
      442.000000000000000        19.671648042519525
      443.000000000000000        19.672721088891628
      444.000000000000000        19.673795195728431
      445.000000000000000        19.674870425703677
      446.000000000000000        19.675946927875028
      447.000000000000000        19.677024892069028
      448.000000000000000        19.678103855333017
      449.000000000000000        19.679183733810174
      450.000000000000000        19.680264781170852
      451.000000000000000        19.681347242391048
      452.000000000000000        19.682430861330346
      453.000000000000000        19.683515536248500
      454.000000000000000        19.684601678443027
      455.000000000000000        19.685688591470338
      456.000000000000000        19.686776817665073
      457.000000000000000        19.687866229266628
      458.000000000000000        19.688956317814139
      459.000000000000000        19.690047876161966
      460.000000000000000        19.691140286689912
      461.000000000000000        19.692234227061398
      462.000000000000000        19.693329384412031
      463.000000000000000        19.694425235946500
      464.000000000000000        19.695522108274467
      465.000000000000000        19.696620668163202
      466.000000000000000        19.697720097066568
      467.000000000000000        19.698820540816016
      468.000000000000000        19.699921960110494
      469.000000000000000        19.701024383696776
      470.000000000000000        19.702128353853340
      471.000000000000000        19.703233432184387
      472.000000000000000        19.704339232853176
      473.000000000000000        19.705445994571043
      474.000000000000000        19.706553889849690
      475.000000000000000        19.707663302558068
      476.000000000000000        19.708773148484443
      477.000000000000000        19.709884310519264
      478.000000000000000        19.710996777165722
      479.000000000000000        19.712110283276697
      480.000000000000000        19.713224717388897
      481.000000000000000        19.714340076883577
      482.000000000000000        19.715456406103268
      483.000000000000000        19.716573985524853
      484.000000000000000        19.717692508802177
      485.000000000000000        19.718812227318558
      486.000000000000000        19.719932677828236
      487.000000000000000        19.721054443784020
      488.000000000000000        19.722177277274351
      489.000000000000000        19.723300936588601
      490.000000000000000        19.724425258595137
      491.000000000000000        19.725551272330577
      492.000000000000000        19.726677803475582
      493.000000000000000        19.727805525803092
      494.000000000000000        19.728934607442174
      495.000000000000000        19.730064122122172
      496.000000000000000        19.731194926554593
      497.000000000000000        19.732326552117506
      498.000000000000000        19.733459294528476
      499.000000000000000        19.734592855785298
      500.000000000000000        19.735727426039645
      501.000000000000000        19.736863225435521
      502.000000000000000        19.737999965565557
      503.000000000000000        19.739137584617492
      504.000000000000000        19.740276122497161
      505.000000000000000        19.741415611941406
      506.000000000000000        19.742555979621329
      507.000000000000000        19.743697370420303
      508.000000000000000        19.744839864880792
      509.000000000000000        19.745982983809888
      510.000000000000000        19.747127682063240
      511.000000000000000        19.748272725995353
      512.000000000000000        19.749418834035072
      513.000000000000000        19.750565955879107
      514.000000000000000        19.751714246975848
      515.000000000000000        19.752863073175543
      516.000000000000000        19.754012719502640
      517.000000000000000        19.755163791619189
      518.000000000000000        19.756315257543079
      519.000000000000000        19.757467995788929
      520.000000000000000        19.758621768346035
      521.000000000000000        19.759776067145680
      522.000000000000000        19.760931474055187
      523.000000000000000        19.762087769679965
      524.000000000000000        19.763245062713761
      525.000000000000000        19.764402904109257
      526.000000000000000        19.765561921370892
      527.000000000000000        19.766722010204834
      528.000000000000000        19.767882644348557
      529.000000000000000        19.769043975790670
      530.000000000000000        19.770206731561284
      531.000000000000000        19.771370128673276
      532.000000000000000        19.772534497544676
      533.000000000000000        19.773699516912483
      534.000000000000000        19.774865273946364
      535.000000000000000        19.776032486186093
      536.000000000000000        19.777200070791640
      537.000000000000000        19.778368808217454
      538.000000000000000        19.779537937345989
      539.000000000000000        19.780708232165850
      540.000000000000000        19.781879601570772
      541.000000000000000        19.783051722850505
      542.000000000000000        19.784224275214697
      543.000000000000000        19.785398060685669
      544.000000000000000        19.786572231754803
      545.000000000000000        19.787747521119055
      546.000000000000000        19.788923979270706
      547.000000000000000        19.790101018351031
      548.000000000000000        19.791278575037776
      549.000000000000000        19.792456993639011
      550.000000000000000        19.793636215182364
      551.000000000000000        19.794816950797443
      552.000000000000000        19.795997604670788
      553.000000000000000        19.797179574703229
      554.000000000000000        19.798362105347667
      555.000000000000000        19.799545646021095
      556.000000000000000        19.800729837040706
      557.000000000000000        19.801914554582353
      558.000000000000000        19.803100850489621
      559.000000000000000        19.804287597995998
      560.000000000000000        19.805474656497989
      561.000000000000000        19.806663080764547
      562.000000000000000        19.807851879917447
      563.000000000000000        19.809041739094315
      564.000000000000000        19.810232002718294
      565.000000000000000        19.811423262205700
      566.000000000000000        19.812615295414378
      567.000000000000000        19.813807878978299
      568.000000000000000        19.815001452547939
      569.000000000000000        19.816196185882362
      570.000000000000000        19.817391604083618
      571.000000000000000        19.818587042020912
      572.000000000000000        19.819783502692644
      573.000000000000000        19.820980357096857
      574.000000000000000        19.822178699587308
      575.000000000000000        19.823377642899484
      576.000000000000000        19.824577202770222
      577.000000000000000        19.825776737456813
      578.000000000000000        19.826977912803528
      579.000000000000000        19.828179477316638
      580.000000000000000        19.829381910712335
      581.000000000000000        19.830584686448979
      582.000000000000000        19.831789184040737
      583.000000000000000        19.832993796252683
      584.000000000000000        19.834198600987381
      585.000000000000000        19.835405007028772
      586.000000000000000        19.836611124937164
      587.000000000000000        19.837818616567443
      588.000000000000000        19.839026741842076
      589.000000000000000        19.840235462222878
      590.000000000000000        19.841444555712361
      591.000000000000000        19.842654132271278
      592.000000000000000        19.843865850218933
      593.000000000000000        19.845077362576792
      594.000000000000000        19.846289605145671
      595.000000000000000        19.847501634746358
      596.000000000000000        19.848715733022463
      597.000000000000000        19.849929589836464
      598.000000000000000        19.851144557146672
      599.000000000000000        19.852359860652971
      600.000000000000000        19.853576420969610
      601.000000000000000        19.854793366978278
      602.000000000000000        19.856010348391454
      603.000000000000000        19.857228303022961
      604.000000000000000        19.858446992453377
      605.000000000000000        19.859666236918748
      606.000000000000000        19.860886602172339
      607.000000000000000        19.862107491844963
      608.000000000000000        19.863328830858130
      609.000000000000000        19.864550606977843
      610.000000000000000        19.865773597471559
      611.000000000000000        19.866996776493156
      612.000000000000000        19.868219693605244
      613.000000000000000        19.869444199739327
      614.000000000000000        19.870669336291062
      615.000000000000000        19.871895109305019
      616.000000000000000        19.873121409360124
      617.000000000000000        19.874348664288011
      618.000000000000000        19.875575667230876
      619.000000000000000        19.876803810345063
      620.000000000000000        19.878031984279737
      621.000000000000000        19.879261234217328
      622.000000000000000        19.880491149556839
      623.000000000000000        19.881722622464945
      624.000000000000000        19.882952620074420
      625.000000000000000        19.884184891374673
      626.000000000000000        19.885416413606610
      627.000000000000000        19.886649820430836
      628.000000000000000        19.887882678144173
      629.000000000000000        19.889117242126577
      630.000000000000000        19.890350913773570
      631.000000000000000        19.891585995345768
      632.000000000000000        19.892821490916887
      633.000000000000000        19.894058150341035
      634.000000000000000        19.895295184238826
      635.000000000000000        19.896531889231316
      636.000000000000000        19.897769688378670
      637.000000000000000        19.899008197306841
      638.000000000000000        19.900246528252655
      639.000000000000000        19.901486349901173
      640.000000000000000        19.902726752516209
      641.000000000000000        19.903966920240084
      642.000000000000000        19.905207641208108
      643.000000000000000        19.906449855632687
      644.000000000000000        19.907692022853571
      645.000000000000000        19.908934684307404
      646.000000000000000        19.910177700034083
      647.000000000000000        19.911420834094052
      648.000000000000000        19.912665565973313
      649.000000000000000        19.913909413402362
      650.000000000000000        19.915155340637643
      651.000000000000000        19.916400357900265
      652.000000000000000        19.917647363303793
      653.000000000000000        19.918893209905857
      654.000000000000000        19.920141821053939
      655.000000000000000        19.921388491646951
      656.000000000000000        19.922635985102023
      657.000000000000000        19.923885676179832
      658.000000000000000        19.925133843064426
      659.000000000000000        19.926384149809529
      660.000000000000000        19.927634013382516
      661.000000000000000        19.928884224367359
      662.000000000000000        19.930135461944356
      663.000000000000000        19.931386736195702
      664.000000000000000        19.932639180907064
      665.000000000000000        19.933891994034241
      666.000000000000000        19.935143932361616
      667.000000000000000        19.936397564019771
      668.000000000000000        19.937651635803423
      669.000000000000000        19.938904869333815
      670.000000000000000        19.940159784763534
      671.000000000000000        19.941416013499950
      672.000000000000000        19.942671298312611
      673.000000000000000        19.943926954345795
      674.000000000000000        19.945183267277336
      675.000000000000000        19.946440754454041
      676.000000000000000        19.947697257040311
      677.000000000000000        19.948954986085194
      678.000000000000000        19.950212559639954
      679.000000000000000        19.951471557065240
      680.000000000000000        19.952730784405635
      681.000000000000000        19.953990135350800
      682.000000000000000        19.955250076146232
      683.000000000000000        19.956510058217926
      684.000000000000000        19.957771509103353
      685.000000000000000        19.959032733182596
      686.000000000000000        19.960293159873945
      687.000000000000000        19.961555163592106
      688.000000000000000        19.962817022975461
      689.000000000000000        19.964080940470957
      690.000000000000000        19.965343617677242
      691.000000000000000        19.966605841055493
      692.000000000000000        19.967870006880339
      693.000000000000000        19.969134433342266
      694.000000000000000        19.970398868316909
      695.000000000000000        19.971664091900180
      696.000000000000000        19.972928471733482
      697.000000000000000        19.974194981341810
      698.000000000000000        19.975460341302053
      699.000000000000000        19.976727170450246
      700.000000000000000        19.977993740871025
      701.000000000000000        19.979260710939471
      702.000000000000000        19.980527317238657
      703.000000000000000        19.981795145587931
      704.000000000000000        19.983062976757477
      705.000000000000000        19.984332344392559
      706.000000000000000        19.985600221658359
      707.000000000000000        19.986869727872776
      708.000000000000000        19.988138970887658
      709.000000000000000        19.989408980900762
      710.000000000000000        19.990679028088390
      711.000000000000000        19.991949144419653
      712.000000000000000        19.993220255054290
      713.000000000000000        19.994490954869239
      714.000000000000000        19.995762677924915
      715.000000000000000        19.997035083851294
      716.000000000000000        19.998306718977403
      717.000000000000000        19.999578057066973
      718.000000000000000        20.000851418955033
      719.000000000000000        20.002123480435309
      720.000000000000000        20.003397051570502
      721.000000000000000        20.004670659473458
      722.000000000000000        20.005944902697351
      723.000000000000000        20.007218366453930
      724.000000000000000        20.008493677211874
      725.000000000000000        20.009766603667181
      726.000000000000000        20.011041817376267
      727.000000000000000        20.012317735235065
      728.000000000000000        20.013593306133590
      729.000000000000000        20.014868103586913
      730.000000000000000        20.016144240064442
      731.000000000000000        20.017421164038339
      732.000000000000000        20.018697316303658
      733.000000000000000        20.019974514839443
      734.000000000000000        20.021251263550191
      735.000000000000000        20.022528890436924
      736.000000000000000        20.023805079943564
      737.000000000000000        20.025084418760812
      738.000000000000000        20.026361702666534
      739.000000000000000        20.027639947944554
      740.000000000000000        20.028918323012892
      741.000000000000000        20.030197828879210
      742.000000000000000        20.031476608800077
      743.000000000000000        20.032755744862563
      744.000000000000000        20.034035687360070
      745.000000000000000        20.035314941767218
      746.000000000000000        20.036595128366333
      747.000000000000000        20.037874734045040
      748.000000000000000        20.039155900567145
      749.000000000000000        20.040436036529524
      750.000000000000000        20.041715542583201
      751.000000000000000        20.042997662299094
      752.000000000000000        20.044277937255728
      753.000000000000000        20.045560264034592
      754.000000000000000        20.046840370252397
      755.000000000000000        20.048122681671614
      756.000000000000000        20.049405771259554
      757.000000000000000        20.050686542916278
      758.000000000000000        20.051968539420965
      759.000000000000000        20.053251346578055
      760.000000000000000        20.054533461490479
      761.000000000000000        20.055816509212796
      762.000000000000000        20.057101145601091
      763.000000000000000        20.058383561181738
      764.000000000000000        20.059665806115053
      765.000000000000000        20.060950478779908
      766.000000000000000        20.062233823040817
      767.000000000000000        20.063518720332237
      768.000000000000000        20.064801946822236
      769.000000000000000        20.066086742299639
      770.000000000000000        20.067369848716591
      771.000000000000000        20.068655189020614
      772.000000000000000        20.069939521632254
      773.000000000000000        20.071223575952320
      774.000000000000000        20.072508430396955
      775.000000000000000        20.073794515559825
      776.000000000000000        20.075078198485777
      777.000000000000000        20.076364996274958
      778.000000000000000        20.077648980746350
      779.000000000000000        20.078935265734820
      780.000000000000000        20.080220705053843
      781.000000000000000        20.081507151547800
      782.000000000000000        20.082792645199859
      783.000000000000000        20.084078205121624
      784.000000000000000        20.085365304193001
      785.000000000000000        20.086649861907869
      786.000000000000000        20.087936916071335
      787.000000000000000        20.089223075664190
      788.000000000000000        20.090508891985625
      789.000000000000000        20.091795614427490
      790.000000000000000        20.093084772608620
      791.000000000000000        20.094369961793042
      792.000000000000000        20.095656839112458
      793.000000000000000        20.096944096200396
      794.000000000000000        20.098230461460620
      795.000000000000000        20.099518478240835
      796.000000000000000        20.100804212514433
      797.000000000000000        20.102092019385630
      798.000000000000000        20.103378503553817
      799.000000000000000        20.104666782497222
      800.000000000000000        20.105955030803369
      801.000000000000000        20.107242265843894
      802.000000000000000        20.108529915522528
      803.000000000000000        20.109816267836418
      804.000000000000000        20.111105403820904
      805.000000000000000        20.112393707577372
      806.000000000000000        20.113680052452406
      807.000000000000000        20.114967718191956
      808.000000000000000        20.116257767309232
      809.000000000000000        20.117542838810756
      810.000000000000000        20.118831905745981
      811.000000000000000        20.120119615373728
      812.000000000000000        20.121407109055561
      813.000000000000000        20.122694603756791
      814.000000000000000        20.123983652290626
      815.000000000000000        20.125271990663297
      816.000000000000000        20.126558806649843
      817.000000000000000        20.127846661345618
      818.000000000000000        20.129136607506922
      819.000000000000000        20.130424449581245
      820.000000000000000        20.131712131500887
      821.000000000000000        20.133001536147674
      822.000000000000000        20.134289611246256
      823.000000000000000        20.135576688134766
      824.000000000000000        20.136865967789799
      825.000000000000000        20.138151964611659
      826.000000000000000        20.139443099418031
      827.000000000000000        20.140729169596547
      828.000000000000000        20.142017564369333
      829.000000000000000        20.143307279261183
      830.000000000000000        20.144592822933820
      831.000000000000000        20.145881107573629
      832.000000000000000        20.147168662718258
      833.000000000000000        20.148457404404677
      834.000000000000000        20.149745054762175
      835.000000000000000        20.151034449786021
      836.000000000000000        20.152322240671950
      837.000000000000000        20.153608643022025
      838.000000000000000        20.154898394946581
      839.000000000000000        20.156183888909780
      840.000000000000000        20.157472581338990
      841.000000000000000        20.158759497814277
      842.000000000000000        20.160046757199304
      843.000000000000000        20.161334403541943
      844.000000000000000        20.162621863825589
      845.000000000000000        20.163910678770222
      846.000000000000000        20.165197143088278
      847.000000000000000        20.166485504756537
      848.000000000000000        20.167771674762960
      849.000000000000000        20.169057999079882
      850.000000000000000        20.170345057621194
      851.000000000000000        20.171631878510063
      852.000000000000000        20.172919341018510
      853.000000000000000        20.174206547678281
      854.000000000000000        20.175491881907742
      855.000000000000000        20.176779141236121
      856.000000000000000        20.178065301313275
      857.000000000000000        20.179351363464622
      858.000000000000000        20.180639655774723
      859.000000000000000        20.181924236522825
      860.000000000000000        20.183209823966536
      861.000000000000000        20.184496792982145
      862.000000000000000        20.185782607240743
      863.000000000000000        20.187067344748186
      864.000000000000000        20.188356305159196
      865.000000000000000        20.189638273090239
      866.000000000000000        20.190924771635345
      867.000000000000000        20.192209504837336
      868.000000000000000        20.193496424772221
      869.000000000000000        20.194781584216361
      870.000000000000000        20.196065088080278
      871.000000000000000        20.197349566441424
      872.000000000000000        20.198636129933991
      873.000000000000000        20.199919431087057
      874.000000000000000        20.201205222596805
      875.000000000000000        20.202488559681235
      876.000000000000000        20.203772352659222
      877.000000000000000        20.205056859365197
      878.000000000000000        20.206340175776681
      879.000000000000000        20.207623341756257
      880.000000000000000        20.208907857072184
      881.000000000000000        20.210189988521623
      882.000000000000000        20.211474295851495
      883.000000000000000        20.212756168289282
      884.000000000000000        20.214039015135398
      885.000000000000000        20.215321299592606
      886.000000000000000        20.216605310407658
      887.000000000000000        20.217885986462090
      888.000000000000000        20.219168548109280
      889.000000000000000        20.220451220137409
      890.000000000000000        20.221733560856062
      891.000000000000000        20.223012784389780
      892.000000000000000        20.224293752777747
      893.000000000000000        20.225576167865519
      894.000000000000000        20.226856023619394
      895.000000000000000        20.228137762319669
      896.000000000000000        20.229417739646536
      897.000000000000000        20.230698247451670
      898.000000000000000        20.231979246674026
      899.000000000000000        20.233258880727465
      900.000000000000000        20.234538523663204
      901.000000000000000        20.235819192536301
      902.000000000000000        20.237098388929418
      903.000000000000000        20.238376937822270
      904.000000000000000        20.239655742201080
      905.000000000000000        20.240934308329184
      906.000000000000000        20.242213878293093
      907.000000000000000        20.243490821403743
      908.000000000000000        20.244769262878776
      909.000000000000000        20.246045946439221
      910.000000000000000        20.247324695261511
      911.000000000000000        20.248600852113448
      912.000000000000000        20.249878342553995
      913.000000000000000        20.251155865752605
      914.000000000000000        20.252430714962149
      915.000000000000000        20.253709308628142
      916.000000000000000        20.254984549882241
      917.000000000000000        20.256259760784406
      918.000000000000000        20.257537308586915
      919.000000000000000        20.258810658447096
      920.000000000000000        20.260086188204369
      921.000000000000000        20.261358852702596
      922.000000000000000        20.262635989688629
      923.000000000000000        20.263909388264992
      924.000000000000000        20.265183715124543
      925.000000000000000        20.266457533465481
      926.000000000000000        20.267730907449124
      927.000000000000000        20.269002426922945
      928.000000000000000        20.270275435138757
      929.000000000000000        20.271548872855604
      930.000000000000000        20.272821994006012
      931.000000000000000        20.274092314004193
      932.000000000000000        20.275364942068926
      933.000000000000000        20.276635396245659
      934.000000000000000        20.277907028594363
      935.000000000000000        20.279179045682767
      936.000000000000000        20.280447804978117
      937.000000000000000        20.281717406373108
      938.000000000000000        20.282988096579430
      939.000000000000000        20.284256975501428
      940.000000000000000        20.285526712276539
      941.000000000000000        20.286796395751814
      942.000000000000000        20.288065674134970
      943.000000000000000        20.289333383925644
      944.000000000000000        20.290599824010268
      945.000000000000000        20.291867730961133
      946.000000000000000        20.293135816333979
      947.000000000000000        20.294402280604981
      948.000000000000000        20.295668688978502
      949.000000000000000        20.296936003300750
      950.000000000000000        20.298202036146041
      951.000000000000000        20.299466434429242
      952.000000000000000        20.300733194213105
      953.000000000000000        20.301997873218106
      954.000000000000000        20.303261332465951
      955.000000000000000        20.304527985020876
      956.000000000000000        20.305790099766011
      957.000000000000000        20.307053301521453
      958.000000000000000        20.308317584427890
      959.000000000000000        20.309581164667861
      960.000000000000000        20.310842858756537
      961.000000000000000        20.312104710032056
      962.000000000000000        20.313366746080369
      963.000000000000000        20.314628075841672
      964.000000000000000        20.315889091135759
      965.000000000000000        20.317150229922380
      966.000000000000000        20.318410299148915
      967.000000000000000        20.319668799890025
      968.000000000000000        20.320930853471090
      969.000000000000000        20.322188437465943
      970.000000000000000        20.323447178550705
      971.000000000000000        20.324707988991772
      972.000000000000000        20.325963591702038
      973.000000000000000        20.327221927444917
      974.000000000000000        20.328479931255259
      975.000000000000000        20.329735576375974
      976.000000000000000        20.330993890466097
      977.000000000000000        20.332247962573806
      978.000000000000000        20.333504342839969
      979.000000000000000        20.334759976472707
      980.000000000000000        20.336015201684265
      981.000000000000000        20.337270253670201
      982.000000000000000        20.338523684520553
      983.000000000000000        20.339777229166597
      984.000000000000000        20.341029951833953
      985.000000000000000        20.342282229425429
      986.000000000000000        20.343535565154070
      987.000000000000000        20.344786268768054
      988.000000000000000        20.346038099294368
      989.000000000000000        20.347289137802303
      990.000000000000000        20.348539422064817
      991.000000000000000        20.349789959011929
      992.000000000000000        20.351041755212211
      993.000000000000000        20.352289704272817
      994.000000000000000        20.353538702556651
      995.000000000000000        20.354786691608712
      996.000000000000000        20.356035645374352
      997.000000000000000        20.357283362404793
      998.000000000000000        20.358529999973506
      999.000000000000000        20.359777396099965
     1000.000000000000000        20.361023742480317
     1001.000000000000000        20.362268011564197
     1002.000000000000000        20.363513713894001
     1003.000000000000000        20.364760496174380
     1004.000000000000000        20.366006034920559
     1005.000000000000000        20.367248329531016
     1006.000000000000000        20.368493048619737
     1007.000000000000000        20.369734863219001
     1008.000000000000000        20.370978929709739
     1009.000000000000000        20.372219158478124
     1010.000000000000000        20.373460646581250
     1011.000000000000000        20.374702785401620
     1012.000000000000000        20.375944141929121
     1013.000000000000000        20.377184038650405
     1014.000000000000000        20.378424455787641
     1015.000000000000000        20.379663618063763
     1016.000000000000000        20.380903390864475
     1017.000000000000000        20.382140839675944
     1018.000000000000000        20.383377979755608
     1019.000000000000000        20.384619526175470
     1020.000000000000000        20.385852955695864
     1021.000000000000000        20.387089921254812
     1022.000000000000000        20.388327702197483
     1023.000000000000000        20.389560517296406
     1024.000000000000000        20.390796023871726
     1025.000000000000000        20.392030886292517
     1026.000000000000000        20.393263226714573
     1027.000000000000000        20.394498301851129
     1028.000000000000000        20.395730788206372
     1029.000000000000000        20.396961827273920
     1030.000000000000000        20.398195269806799
     1031.000000000000000        20.399426530783934
     1032.000000000000000        20.400658033525097
     1033.000000000000000        20.401887396036425
     1034.000000000000000        20.403116819645607
     1035.000000000000000        20.404345947163520
     1036.000000000000000        20.405575623678075
     1037.000000000000000        20.406804696386388
     1038.000000000000000        20.408030607315172
     1039.000000000000000        20.409257996470501
     1040.000000000000000        20.410484792641896
     1041.000000000000000        20.411712016862666
     1042.000000000000000        20.412936959799676
     1043.000000000000000        20.414162131243195
     1044.000000000000000        20.415388919295943
     1045.000000000000000        20.416611058642420
     1046.000000000000000        20.417833398552524
     1047.000000000000000        20.419057074848595
     1048.000000000000000        20.420279958496661
     1049.000000000000000        20.421501507107962
     1050.000000000000000        20.422723094938732
     1051.000000000000000        20.423943183965420
     1052.000000000000000        20.425163258726247
     1053.000000000000000        20.426382603217483
     1054.000000000000000        20.427604291279458
     1055.000000000000000        20.428824013456389
     1056.000000000000000        20.430040254908892
     1057.000000000000000        20.431258127424936
     1058.000000000000000        20.432470935595802
     1059.000000000000000        20.433690566450611
     1060.000000000000000        20.434904231764438
     1061.000000000000000        20.436121564303093
     1062.000000000000000        20.437337196489274
     1063.000000000000000        20.438550227135241
     1064.000000000000000        20.439763009168544
     1065.000000000000000        20.440976061575522
     1066.000000000000000        20.442188686548977
     1067.000000000000000        20.443401276457511
     1068.000000000000000        20.444609799337993
     1069.000000000000000        20.445823265098046
     1070.000000000000000        20.447031088733080
     1071.000000000000000        20.448243249269744
     1072.000000000000000        20.449450931882907
     1073.000000000000000        20.450658133244929
     1074.000000000000000        20.451864195307746
     1075.000000000000000        20.453071878542378
     1076.000000000000000        20.454278653292963
     1077.000000000000000        20.455485481700741
     1078.000000000000000        20.456689548553289
     1079.000000000000000        20.457896053161008
     1080.000000000000000        20.459099806973288
     1081.000000000000000        20.460303700840729
     1082.000000000000000        20.461507445553050
     1083.000000000000000        20.462706267994296
     1084.000000000000000        20.463909669935067
     1085.000000000000000        20.465111051978614
     1086.000000000000000        20.466309335182565
     1087.000000000000000        20.467510759330182
     1088.000000000000000        20.468708798230104
     1089.000000000000000        20.469907319382752
     1090.000000000000000        20.471105545456766
     1091.000000000000000        20.472302268061991
     1092.000000000000000        20.473499878984871
     1093.000000000000000        20.474695908073578
     1094.000000000000000        20.475891674251649
     1095.000000000000000        20.477086731671172
     1096.000000000000000        20.478280625055127
     1097.000000000000000        20.479473009244362
     1098.000000000000000        20.480666153325767
     1099.000000000000000        20.481859341746901
     1100.000000000000000        20.483049023390283
     1101.000000000000000        20.484242816164453
     1102.000000000000000        20.485431337494191
     1103.000000000000000        20.486622009326268
     1104.000000000000000        20.487809870793516
     1105.000000000000000        20.488999943005130
     1106.000000000000000        20.490187884430092
     1107.000000000000000        20.491374448541055
     1108.000000000000000        20.492558733663284
     1109.000000000000000        20.493746194054399
     1110.000000000000000        20.494931136961199
     1111.000000000000000        20.496116184728415
     1112.000000000000000        20.497301096420212
     1113.000000000000000        20.498480727195840
     1114.000000000000000        20.499666291337991
     1115.000000000000000        20.500849364913538
     1116.000000000000000        20.502030692311163
     1117.000000000000000        20.503209885310131
     1118.000000000000000        20.504390859185978
     1119.000000000000000        20.505572757641389
     1120.000000000000000        20.506747255305982
     1121.000000000000000        20.507929511733938
     1122.000000000000000        20.509103177461292
     1123.000000000000000        20.510283152652867
     1124.000000000000000        20.511457082701632
     1125.000000000000000        20.512631722572156
     1126.000000000000000        20.513808070935148
     1127.000000000000000        20.514980351099272
     1128.000000000000000        20.516154613126496
     1129.000000000000000        20.517326517783090
     1130.000000000000000        20.518499055591199
     1131.000000000000000        20.519669334445307
     1132.000000000000000        20.520840760923164
     1133.000000000000000        20.522011492919841
     1134.000000000000000        20.523179324201280
     1135.000000000000000        20.524349116645741
     1136.000000000000000        20.525516815103636
     1137.000000000000000        20.526683459932642
     1138.000000000000000        20.527848699964920
     1139.000000000000000        20.529015184486525
     1140.000000000000000        20.530181752901591
     1141.000000000000000        20.531345627999134
     1142.000000000000000        20.532508539194545
     1143.000000000000000        20.533672654452410
     1144.000000000000000        20.534834778967902
     1145.000000000000000        20.535995635354766
     1146.000000000000000        20.537154391657456
     1147.000000000000000        20.538314544811570
     1148.000000000000000        20.539475198417279
     1149.000000000000000        20.540633736735156
     1150.000000000000000        20.541791954994885
     1151.000000000000000        20.542950483627745
     1152.000000000000000        20.544106234475247
     1153.000000000000000        20.545262734883639
     1154.000000000000000        20.546417538321055
     1155.000000000000000        20.547572361494932
     1156.000000000000000        20.548726633861421
     1157.000000000000000        20.549882065930881
     1158.000000000000000        20.551035328585133
     1159.000000000000000        20.552185604912662
     1160.000000000000000        20.553332565293264
     1161.000000000000000        20.554485236707603
     1162.000000000000000        20.555634044395561
     1163.000000000000000        20.556780945581309
     1164.000000000000000        20.557930957143864
     1165.000000000000000        20.559077446289418
     1166.000000000000000        20.560226555140776
     1167.000000000000000        20.561372270753630
     1168.000000000000000        20.562516738221902
     1169.000000000000000        20.563659341650965
     1170.000000000000000        20.564804960361123
     1171.000000000000000        20.565949030642219
     1172.000000000000000        20.567089305849795
     1173.000000000000000        20.568229152060390
     1174.000000000000000        20.569370854206074
     1175.000000000000000        20.570512108602223
     1176.000000000000000        20.571651037911792
     1177.000000000000000        20.572789899489010
     1178.000000000000000        20.573928201972663
     1179.000000000000000        20.575066303626318
     1180.000000000000000        20.576201891035399
     1181.000000000000000        20.577337420313299
     1182.000000000000000        20.578471337751928
     1183.000000000000000        20.579606162566506
     1184.000000000000000        20.580738372080273
     1185.000000000000000        20.581871628890092
     1186.000000000000000        20.583006000475958
     1187.000000000000000        20.584135815181266
     1188.000000000000000        20.585266401548594
     1189.000000000000000        20.586393914976636
     1190.000000000000000        20.587523515789432
     1191.000000000000000        20.588651777908176
     1192.000000000000000        20.589779798023528
     1193.000000000000000        20.590907487642536
     1194.000000000000000        20.592033131854642
     1195.000000000000000        20.593157362176552
     1196.000000000000000        20.594284921149558
     1197.000000000000000        20.595405145730592
     1198.000000000000000        20.596526816825499
     1199.000000000000000        20.597651841851118
     1200.000000000000000        20.598769391355230
